v 132 41 0 
v 131 42 0 
v 126 42 0 
v 125 43 0 
v 122 43 0 
v 121 42 0 
v 120 42 0 
v 119 43 0 
v 118 43 0 
v 117 44 0 
v 115 44 0 
v 114 45 0 
v 107 45 0 
v 106 46 0 
v 102 46 0 
v 101 47 0 
v 98 47 0 
v 97 48 0 
v 95 48 0 
v 94 49 0 
v 92 49 0 
v 91 50 0 
v 90 50 0 
v 89 51 0 
v 88 51 0 
v 87 52 0 
v 86 52 0 
v 85 53 0 
v 84 53 0 
v 83 54 0 
v 82 54 0 
v 79 57 0 
v 78 57 0 
v 66 69 0 
v 66 70 0 
v 60 76 0 
v 60 77 0 
v 58 79 0 
v 58 81 0 
v 55 84 0 
v 55 85 0 
v 54 86 0 
v 54 87 0 
v 52 89 0 
v 52 90 0 
v 51 91 0 
v 51 93 0 
v 50 94 0 
v 50 96 0 
v 49 97 0 
v 49 101 0 
v 48 102 0 
v 48 104 0 
v 47 105 0 
v 47 108 0 
v 46 109 0 
v 46 125 0 
v 45 126 0 
v 45 160 0 
v 44 161 0 
v 44 162 0 
v 45 163 0 
v 44 164 0 
v 44 166 0 
v 45 167 0 
v 45 170 0 
v 46 171 0 
v 46 176 0 
v 47 177 0 
v 47 179 0 
v 48 180 0 
v 48 181 0 
v 49 182 0 
v 49 184 0 
v 50 185 0 
v 50 186 0 
v 51 187 0 
v 51 188 0 
v 54 191 0 
v 54 192 0 
v 55 193 0 
v 55 194 0 
v 58 197 0 
v 58 198 0 
v 60 200 0 
v 60 201 0 
v 61 201 0 
v 62 202 0 
v 62 203 0 
v 64 205 0 
v 65 205 0 
v 66 206 0 
v 66 207 0 
v 68 209 0 
v 69 209 0 
v 72 212 0 
v 73 212 0 
v 74 213 0 
v 75 213 0 
v 77 215 0 
v 78 215 0 
v 79 216 0 
v 80 216 0 
v 81 217 0 
v 82 217 0 
v 83 218 0 
v 84 218 0 
v 85 219 0 
v 86 219 0 
v 87 220 0 
v 89 220 0 
v 90 221 0 
v 92 221 0 
v 93 222 0 
v 94 222 0 
v 95 223 0 
v 98 223 0 
v 99 224 0 
v 102 224 0 
v 103 225 0 
v 116 225 0 
v 117 226 0 
v 123 226 0 
v 124 227 0 
v 131 227 0 
v 132 228 0 
v 133 228 0 
v 134 229 0 
v 138 229 0 
v 139 230 0 
v 145 230 0 
v 146 229 0 
v 151 229 0 
v 152 230 0 
v 153 230 0 
v 154 229 0 
v 155 230 0 
v 165 230 0 
v 168 233 0 
v 180 233 0 
v 181 232 0 
v 183 232 0 
v 184 231 0 
v 185 231 0 
v 186 230 0 
v 187 230 0 
v 189 228 0 
v 190 228 0 
v 191 227 0 
v 195 227 0 
v 196 226 0 
v 198 226 0 
v 199 225 0 
v 202 225 0 
v 203 224 0 
v 205 224 0 
v 206 223 0 
v 208 223 0 
v 209 222 0 
v 210 222 0 
v 212 220 0 
v 213 220 0 
v 214 219 0 
v 215 219 0 
v 220 214 0 
v 221 214 0 
v 227 208 0 
v 233 208 0 
v 234 209 0 
v 237 209 0 
v 240 206 0 
v 240 204 0 
v 241 203 0 
v 241 200 0 
v 242 199 0 
v 242 196 0 
v 243 195 0 
v 243 192 0 
v 244 191 0 
v 244 188 0 
v 245 187 0 
v 245 179 0 
v 247 177 0 
v 247 175 0 
v 248 174 0 
v 248 173 0 
v 249 172 0 
v 249 170 0 
v 250 169 0 
v 250 168 0 
v 251 167 0 
v 251 166 0 
v 252 165 0 
v 252 164 0 
v 253 163 0 
v 253 161 0 
v 254 160 0 
v 254 88 0 
v 249 83 0 
v 248 83 0 
v 244 79 0 
v 243 79 0 
v 241 77 0 
v 240 77 0 
v 239 76 0 
v 238 76 0 
v 236 74 0 
v 235 74 0 
v 234 73 0 
v 233 73 0 
v 232 72 0 
v 231 72 0 
v 230 71 0 
v 229 71 0 
v 228 70 0 
v 226 70 0 
v 225 69 0 
v 223 69 0 
v 220 66 0 
v 219 66 0 
v 215 62 0 
v 214 62 0 
v 213 61 0 
v 212 61 0 
v 211 60 0 
v 210 60 0 
v 209 59 0 
v 208 59 0 
v 207 58 0 
v 206 58 0 
v 205 57 0 
v 204 57 0 
v 203 56 0 
v 201 56 0 
v 200 55 0 
v 198 55 0 
v 197 54 0 
v 196 54 0 
v 195 53 0 
v 194 53 0 
v 192 51 0 
v 191 51 0 
v 190 50 0 
v 189 50 0 
v 188 49 0 
v 187 49 0 
v 186 48 0 
v 185 48 0 
v 184 47 0 
v 181 47 0 
v 179 45 0 
v 178 45 0 
v 177 44 0 
v 175 44 0 
v 174 45 0 
v 173 45 0 
v 172 46 0 
v 171 46 0 
v 170 47 0 
v 169 47 0 
v 168 46 0 
v 166 46 0 
v 165 45 0 
v 163 45 0 
v 162 44 0 
v 156 44 0 
v 155 43 0 
v 154 43 0 
v 153 42 0 
v 149 42 0 
v 148 41 0 