1	5.299	1.7	2.892	0	
1	5.299	1.696076	2.892	0	
1	5.299	1.688228	2.892	0	
1	5.299	1.676456	2.892	0	
1	5.299	1.66076	2.892	0	
1	5.299	1.64114	2.892	0	
1	5.299	1.617596	2.892	0	
1	5.299	1.590128	2.892	0	
1	5.299	1.558736	2.892	0	
1	5.299	1.52342	2.892	0	
1	5.299	1.48418	2.892	0	
1	5.299	1.441016	2.892	0	
1	5.299	1.393928	2.892	0	
1	5.299	1.342916	2.892	0	
1	5.299	1.28798	2.892	0	
1	5.299	1.22912	2.892	0	
1	5.299	1.166336	2.892	0	
1	5.299	1.099628	2.892	0	
1	5.299	1.028996	2.892	0	
1	5.299	0.9544402	2.892	0	
1	5.299	0.8759602	2.892	0	
1	5.299	0.7935563	2.892	0	
1	5.299	0.7072283	2.892	0	
1	5.299	0.6169763	2.892	0	
1	5.299	0.5228003	2.892	0	
1	5.299	0.4247003	2.892	0	
1	5.299	0.3226764	2.892	0	
1	5.299	0.2167284	2.892	0	
1	5.299	0.1068564	2.892	0	
1	5.299	0.009722497	2.892	0	
1	5.299	0.005798496	2.892	0	
1	5.299	-0.002049502	2.892	0	
1	5.299	0.007367175	2.892	0	
1	5.299009	0.009250134	2.891993	0	
1	5.299011	0.009626988	2.891991	0	
1	5.299012	0.009702422	2.891991	0	
1	5.299012	0.009717517	2.891991	0	
1	5.299012	0.009720542	2.891991	0	
1	5.299012	0.009721145	2.891991	0	
1	5.299012	0.009721268	2.891991	0	
1	5.299012	0.00972129	2.891991	0	
1	5.299012	0.009721298	2.891991	0	
1	5.299012	0.009721298	2.891991	0	
1	5.299012	0.009721298	2.891991	0	
1	5.299012	0.009721298	2.891991	0	
1	5.299012	0.009721298	2.891991	0	
1	5.299012	0.009721298	2.891991	0	
1	5.299012	0.009721298	2.891991	0	
1	5.299012	0.009721298	2.891991	0	
1	5.299012	0.009721298	2.891991	0	
1	5.299012	0.009721298	2.891991	0	
1	5.299012	0.009721298	2.891991	0	
1	5.299012	0.009721298	2.891991	0	
1	5.299012	0.009721298	2.891991	0	
1	5.299012	0.009721298	2.891991	0	
1	5.299012	0.009721298	2.891991	0	
1	5.299012	0.009721298	2.891991	0	
1	5.299012	0.009721298	2.891991	0	
1	5.299012	0.009721298	2.891991	0	
1	5.299012	0.009721298	2.891991	0	
1	5.299012	0.009721298	2.891991	0	
1	5.299012	0.009721298	2.891991	0	
1	5.299012	0.009721298	2.891991	0	
1	5.299012	0.009721298	2.896991	0	
1	5.299012	0.009721298	2.906991	0	
1	5.299012	0.009721298	2.916991	0	
1	5.299012	0.009721298	2.931991	0	
1	5.299012	0.009721298	2.946991	0	
1	5.299012	0.009721298	2.966991	0	
1	5.299012	0.009721298	2.991991	0	
1	5.299012	0.009721298	3.016991	0	
1	5.299012	0.009721298	3.046991	0	
1	5.299012	0.009721298	3.081991	0	
1	5.299012	0.009721294	3.116991	0	
1	5.299012	0.009721301	3.156991	0	
1	5.299012	0.005797304	3.196991	0	
1	5.299012	0.008936513	3.241991	0	
1	5.299033	0.009554099	3.286977	0	
1	5.299046	0.009686556	3.336973	0.008960227	
1	5.299054	0.009714209	3.386972	0.008960227	
1	5.299082	0.009719841	3.441972	0.02867273	
1	5.299109	0.009720996	3.496973	0.02867273	
1	5.299173	0.009721231	3.556973	0.06092954	
1	5.299295	0.009721279	3.621972	0.1075227	
1	5.299503	0.009721287	3.691972	0.1702444	
1	5.299711	0.009721294	3.761972	0.1702444	
1	5.30004	0.009721294	3.836971	0.2508864	
1	5.300368	0.009721294	3.91197	0.2508864	
1	5.300858	0.009721294	3.991969	0.3512409	
1	5.301349	0.009721301	4.071967	0.3512409	
1	5.302005	0.009721301	4.151965	0.4698056	
1	5.302864	0.005797304	4.23196	0.6152962	
1	5.303723	0.008936513	4.311955	0.6152962	
1	5.304855	0.009560067	4.391933	0.7954605	
1	5.306274	0.009688735	4.47192	1.014172	
1	5.30769	0.009714779	4.551907	1.014172	
1	5.309465	0.00971999	4.631887	1.271431	
1	5.311241	0.00972103	4.711868	1.271431	
1	5.313478	0.009721234	4.791837	1.60307	
1	5.315716	0.009721279	4.871805	1.60307	
1	5.318545	0.009721287	4.951755	2.02652	
1	5.322093	0.009721294	5.031676	2.541781	
1	5.325641	0.009721294	5.111598	2.541781	
1	5.330035	0.009721301	5.191477	3.148855	
1	5.335403	0.005797304	5.271297	3.847739	
1	5.340771	0.008936413	5.351116	3.847739	
1	5.347248	0.009563576	5.430853	4.638436	
1	5.353718	0.009689685	5.510591	4.638436	
1	5.361414	0.009714972	5.59022	5.520943	
1	5.369111	0.009720031	5.669849	5.520943	
1	5.378161	0.009721041	5.749335	6.495262	
1	5.387211	0.009721246	5.828822	6.495262	
1	5.397738	0.009721287	5.908126	7.561393	
1	5.409865	0.009721294	5.987201	8.719336	
1	5.423715	0.00972129	6.065993	9.969089	
1	5.437564	0.009721298	6.144785	9.969089	
1	5.453259	0.0057973	6.223231	11.31453	
1	5.468955	0.008936506	6.301676	11.31453	
1	5.486642	0.009554785	6.379694	12.75565	
1	5.506398	0.009685446	6.457216	14.29246	
1	5.52835	0.009713925	6.534145	15.92496	
1	5.550301	0.009719793	6.611074	15.92496	
1	5.574562	0.009720996	6.687307	17.65314	
1	5.598822	0.009721227	6.76354	17.65314	
1	5.625371	0.009721275	6.839007	19.38132	
1	5.653922	0.00972129	6.913739	20.90949	
1	5.684198	0.009721294	6.987789	22.23767	
1	5.714474	0.005797293	7.061839	22.23767	
1	5.746202	0.008936487	7.135278	23.36585	
1	5.779118	0.009564284	7.208193	24.29403	
1	5.812956	0.009689797	7.280684	25.02221	
1	5.846795	0.009714909	7.353176	25.02221	
1	5.881299	0.009720005	7.425353	25.55039	
1	5.916216	0.009721041	7.49733	25.87857	
1	5.951134	0.009721253	7.569308	25.87857	
1	5.986212	0.009721298	7.641207	26.00675	
1	6.0212	0.005797308	7.713151	25.93493	
1	6.056188	0.008936476	7.785094	25.93493	
1	6.091337	0.009564318	7.856959	26.06311	
1	6.126397	0.009689845	7.928868	25.99129	
1	6.161617	0.009714913	8.000698	26.11947	
1	6.196836	0.009719983	8.072528	26.11947	
1	6.231966	0.00972103	8.144403	26.04765	
1	6.267256	0.009721246	8.216198	26.17583	
1	6.302547	0.009721249	8.287993	26.17583	
1	6.337747	0.009721257	8.359833	26.10401	
1	6.373107	0.009721268	8.431594	26.23219	
1	6.408468	0.009721287	8.503355	26.23219	
1	6.443739	0.00972129	8.57516	26.16037	
1	6.478941	0.00972129	8.646998	26.10579	
1	6.514158	0.009721294	8.71883	26.11688	
1	6.549374	0.005797293	8.790662	26.11688	
1	6.584708	0.008936491	8.862435	26.21106	
1	6.620278	0.009564281	8.934094	26.39705	
1	6.655846	0.00968986	9.005754	26.39705	
1	6.691761	0.009714972	9.077239	26.67485	
1	6.728135	0.009720027	9.148491	27.04447	
1	6.76451	0.009721037	9.219743	27.04447	
1	6.801457	0.009721234	9.2907	27.50589	
1	6.839066	0.00972129	9.361308	28.0417	
1	6.877334	0.009721301	9.431561	28.57751	
1	6.915601	0.005797304	9.501815	28.57751	
1	6.95428	0.008936513	9.571843	28.91332	
1	6.993148	0.00955857	9.64178	29.04912	
1	7.031919	0.009688228	9.71176	28.98493	
1	7.070685	0.009714656	9.781739	28.98493	
1	7.109618	0.00971996	9.851627	29.12073	
1	7.14855	0.009721026	9.921515	29.12073	
1	7.187404	0.009721242	9.991446	29.05654	
1	7.226423	0.009721283	10.06129	29.19235	
1	7.265632	0.00972129	10.13102	29.34734	
1	7.30484	0.005797293	10.20075	29.34734	
1	7.344291	0.008936502	10.27035	29.54667	
1	7.384089	0.009557981	10.33976	29.81458	
1	7.424282	0.009688016	10.40893	30.15494	
1	7.46447	0.009714585	10.47811	30.15494	
1	7.505159	0.009719945	10.54699	30.57161	
1	7.546439	0.009721026	10.61551	31.0646	
1	7.587719	0.009721238	10.68404	31.0646	
1	7.629679	0.009721279	10.75216	31.6339	
1	7.672403	0.009721298	10.81979	32.27951	
1	7.715127	0.009721301	10.88743	32.27951	
1	7.7587	0.009721301	10.95452	33.00146	
1	7.803203	0.009721301	11.021	33.79971	
1	7.848716	0.0057973	11.08679	34.67427	
1	7.894228	0.008936495	11.15258	34.67427	
1	7.940855	0.009555165	11.21762	35.62517	
1	7.987461	0.009685304	11.28265	35.62517	
1	8.035193	0.0097134	11.34685	36.62913	
1	8.08382	0.009719547	11.41037	37.43309	
1	8.131554	0.009720922	11.47143	38.01818	
1	8.179287	0.009721223	11.53248	38.01818	
1	8.22587	0.009721283	11.59126	38.39688	
1	8.271083	0.009721298	11.64794	38.58172	
1	8.31474	0.0057973	11.70266	38.58519	
1	8.358397	0.008936491	11.75737	38.58519	
1	8.400346	0.009563912	11.81026	38.41978	
1	8.440743	0.009689692	11.86119	38.423	
1	8.481139	0.009714868	11.91211	38.423	
1	8.51985	0.009719983	11.96118	38.26984	
1	8.555466	0.009721018	12.00632	38.27269	
1	8.591082	0.009721238	12.05146	38.27269	
1	8.623507	0.009721283	12.09275	38.14403	
1	8.652847	0.00972129	12.13011	38.14638	
1	8.679038	0.009721298	12.16358	38.04224	
1	8.705229	0.005797297	12.19705	38.04224	
1	8.728339	0.008936465	12.22658	38.04409	
1	8.748324	0.009565666	12.2522	37.96445	
1	8.765242	0.0096903	12.27388	37.96582	
1	8.78216	0.009715073	12.29556	37.96582	
1	8.795984	0.009720031	12.31331	37.91068	
1	8.806737	0.009721037	12.32712	37.91154	
1	8.814412	0.009721238	12.33699	37.88091	
1	8.822087	0.009721287	12.34685	37.88091	
1	8.826693	0.009721294	12.35277	37.88128	
1	8.828227	0.005797297	12.35474	37.87516	
1	8.826693	0.008936509	12.35277	37.87503	
1	8.825181	0.009550769	12.3508	37.87503	
1	8.820581	0.009683929	12.34489	37.89341	
1	8.812905	0.009713072	12.33502	37.89279	
1	8.802146	0.009719484	12.32122	37.93567	
1	8.791388	0.009720895	12.30742	37.93567	
1	8.777555	0.009721223	12.28967	37.93456	
1	8.760624	0.009721283	12.268	38.00195	
1	8.740615	0.00972129	12.24239	38.00035	
1	8.720606	0.005797293	12.21678	38.00035	
1	8.697471	0.008936476	12.18727	38.09223	
1	8.671247	0.009564798	12.15382	38.09013	
1	8.641867	0.009690266	12.11649	38.20653	
1	8.612487	0.009715147	12.07917	38.20653	
1	8.580018	0.009720072	12.03791	38.20393	
1	8.544346	0.009721052	11.99282	38.34483	
1	8.505574	0.009721246	11.9438	38.34174	
1	8.466803	0.009721279	11.89478	38.34174	
1	8.424776	0.009721287	11.84196	38.50715	
1	8.38275	0.009721287	11.78913	38.50715	
1	8.337614	0.009721287	11.7324	38.50356	
1	8.289165	0.009721294	11.67191	38.69347	
1	8.240715	0.009721301	11.61142	38.69347	
1	8.192269	0.009721301	11.55093	38.68964	
1	8.143623	0.009721301	11.4906	38.87955	
1	8.094977	0.0057973	11.43027	38.87955	
1	8.046336	0.008936502	11.36993	38.87571	
1	7.997517	0.009551946	11.30976	39.06562	
1	7.948686	0.009684484	11.24959	39.06179	
1	7.89985	0.009713281	11.18941	39.06179	
1	7.850814	0.009719543	11.1294	39.2517	
1	7.801777	0.009720914	11.06939	39.2517	
1	7.752745	0.009721212	11.00937	39.24786	
1	7.703514	0.009721279	10.94951	39.43778	
1	7.654287	0.009721287	10.88966	39.43394	
1	7.60506	0.009721294	10.8298	39.43394	
1	7.555634	0.009721298	10.77011	39.62385	
1	7.506209	0.005797297	10.71041	39.62385	
1	7.456658	0.008936495	10.65082	39.74452	
1	7.407102	0.00956418	10.59124	39.7528	
1	7.357543	0.009689827	10.53166	39.7528	
1	7.308105	0.009714987	10.47197	39.63649	
1	7.258918	0.009720035	10.41208	39.39557	
1	7.209731	0.009721033	10.35219	39.39557	
1	7.160927	0.009721238	10.29199	39.03007	
1	7.112639	0.009721287	10.23137	38.53997	
1	7.064352	0.00972129	10.17075	38.53997	
1	7.016718	0.00972129	10.10962	37.92528	
1	6.969881	0.00972129	10.04787	37.18225	
1	6.923043	0.009721298	9.986127	37.18225	
1	6.877151	0.009721298	9.923676	36.31087	
1	6.832354	0.005797297	9.860435	35.31114	
1	6.787558	0.008936495	9.797193	35.31114	
1	6.744018	0.009564191	9.733081	34.18307	
1	6.701893	0.009689812	9.66803	32.92665	
1	6.659767	0.00971498	9.602979	32.92665	
1	6.619225	0.009720027	9.536929	31.54189	
1	6.580441	0.009721003	9.469831	30.02878	
1	6.541658	0.009721231	9.402734	30.02878	
1	6.504812	0.009721287	9.334553	28.38733	
1	6.47009	0.009721287	9.265266	26.61753	
1	6.435368	0.00972129	9.19598	26.61753	
1	6.402959	0.009721287	9.125582	24.71938	
1	6.37055	0.00972129	9.055183	24.71938	
1	6.340652	0.00972129	8.983683	22.69289	
1	6.313462	0.009721298	8.911109	20.53805	
1	6.289186	0.0057973	8.837509	18.25486	
1	6.26491	0.008936491	8.763909	18.25486	
1	6.243754	0.009564269	8.689352	15.84333	
1	6.225752	0.009689845	8.613972	13.43181	
1	6.20775	0.009714998	8.538591	13.43181	
1	6.192678	0.009720001	8.462571	11.21403	
1	6.180301	0.009721026	8.386066	9.189999	
1	6.167923	0.009721242	8.309561	9.189999	
1	6.157996	0.009721287	8.232699	7.359721	
1	6.148068	0.009721287	8.155838	7.359721	
1	6.140339	0.009721264	8.078724	5.72319	
1	6.132611	0.009721287	8.00161	5.72319	
1	6.126826	0.009721294	7.924326	4.280411	
1	6.122728	0.009721298	7.846934	3.031381	
1	6.118629	0.009721298	7.769543	3.031381	
1	6.115957	0.009721298	7.692089	1.976102	
1	6.11445	0.005797297	7.614604	1.114573	
1	6.112943	0.008936495	7.537118	1.114573	
1	6.112356	0.00955769	7.459609	0.4467937	
1	6.111755	0.009687107	7.382109	0.4467937	
1	6.111792	0.009714406	7.304609	359.9728	
1	6.111828	0.009719908	7.227109	359.9728	
1	6.112244	0.009721011	7.149611	359.6925	
1	6.112777	0.009721212	7.072113	359.606	
1	6.11331	0.009721279	6.994615	359.606	
1	6.113698	0.00972129	6.917116	359.7132	
1	6.114203	0.00972129	6.839617	359.6266	
1	6.114708	0.009721298	6.762119	359.6266	
1	6.115068	0.009721294	6.68462	359.7339	
1	6.115428	0.009721294	6.607121	359.7339	
1	6.115905	0.009721294	6.529623	359.6474	
1	6.116382	0.009721294	6.452124	359.6474	
1	6.116714	0.009721294	6.374625	359.7546	
1	6.11693	0.009721294	6.297125	359.8404	
1	6.117146	0.009721294	6.219625	359.8404	
1	6.117366	0.00972129	6.142125	359.8373	
1	6.117716	0.009721268	6.064626	359.7415	
1	6.118065	0.009721283	5.987126	359.7415	
1	6.11868	0.009721283	5.909629	359.5454	
1	6.119295	0.009721294	5.832131	359.5454	
1	6.12031	0.009721298	5.754638	359.2492	
1	6.121326	0.009721298	5.677145	359.2492	
1	6.122856	0.009721298	5.59966	358.8688	
1	6.124935	0.005797297	5.522188	358.4632	
1	6.127013	0.008936491	5.444715	358.4632	
1	6.129386	0.009563152	5.367241	358.2513	
1	6.131778	0.009689581	5.289775	358.2332	
1	6.134168	0.009714939	5.212312	358.2332	
1	6.136319	0.009719998	5.134841	358.4088	
1	6.138471	0.009721033	5.057371	358.4088	
1	6.140647	0.009721242	4.979902	358.3907	
1	6.142824	0.009721283	4.902432	358.3907	
1	6.145056	0.00972129	4.824965	358.3493	
1	6.147413	0.00972129	4.7475	358.2575	
1	6.149769	0.00972129	4.670036	358.2575	
1	6.152358	0.00972129	4.592579	358.0861	
1	6.155297	0.009721298	4.515135	357.8267	
1	6.158236	0.0057973	4.437691	357.8267	
1	6.161644	0.008936491	4.360266	357.4792	
1	6.165059	0.009564009	4.282835	357.4792	
1	6.169056	0.009689737	4.205438	357.0438	
1	6.173053	0.009714976	4.128041	357.0438	
1	6.177762	0.009720035	4.050684	356.5166	
1	6.182471	0.009721037	3.973327	356.5166	
1	6.188015	0.009721246	3.896026	355.8977	
1	6.194518	0.009721283	3.818799	355.187	
1	6.20102	0.00972129	3.741572	355.187	
1	6.208604	0.00972129	3.664444	354.3845	
1	6.21739	0.00972129	3.587444	353.4903	
1	6.226176	0.009721294	3.510444	353.4903	
1	6.236286	0.009721294	3.433606	352.5043	
1	6.246396	0.005797293	3.356768	352.5043	
1	6.257949	0.008936405	3.280134	351.4266	
1	6.269501	0.009564988	3.203504	351.4266	
1	6.282495	0.00968983	3.127102	350.3489	
1	6.296666	0.009714868	3.050908	349.4649	
1	6.310836	0.00972002	2.974714	349.4649	
1	6.325922	0.009721041	2.898697	348.7747	
1	6.341667	0.009721249	2.822813	348.2782	
1	6.357412	0.009721287	2.746929	348.2782	
1	6.373557	0.009721294	2.67113	347.9755	
1	6.389703	0.009721301	2.59533	347.9755	
1	6.405993	0.009721301	2.519562	347.8665	
1	6.42217	0.0057973	2.443769	347.9513	
1	6.438348	0.008936495	2.367977	347.9513	
1	6.454678	0.009560298	2.292213	347.8423	
1	6.470891	0.009686898	2.216424	347.9271	
1	6.487101	0.009714171	2.140637	347.9271	
1	6.503455	0.009719845	2.064883	347.8181	
1	6.519808	0.009720992	1.989128	347.8181	
1	6.53605	0.009721223	1.913349	347.9029	
1	6.552291	0.009721275	1.83757	347.9029	
1	6.568677	0.009721287	1.761822	347.7939	
1	6.584951	0.00972129	1.68605	347.8786	
1	6.601224	0.009721294	1.610278	347.8786	
1	6.617642	0.009721294	1.534537	347.7697	
1	6.633948	0.005797293	1.458771	347.8544	
1	6.650254	0.008936498	1.383006	347.8544	
1	6.666716	0.009561703	1.307264	347.7454	
1	6.683167	0.009689275	1.231529	347.7454	
1	6.699504	0.009714872	1.155771	347.8302	
1	6.715842	0.009719998	1.080012	347.8302	
1	6.732324	0.00972103	1.004285	347.7212	
1	6.749013	0.009721242	0.9286036	347.5646	
1	6.765702	0.009721275	0.8529218	347.5646	
1	6.782751	0.009721257	0.7773202	347.2918	
1	6.800323	0.009721283	0.7018388	346.8944	
1	6.817896	0.009721294	0.6263574	346.8944	
1	6.836156	0.0057973	0.5510393	346.3724	
1	6.854415	0.008936491	0.4757211	346.3724	
1	6.873536	0.009556875	0.4005964	345.7259	
1	6.892644	0.009688154	0.3254857	345.7259	
1	6.912763	0.009714689	0.2506418	344.9547	
1	6.934048	0.009719972	0.176122	344.059	
1	6.955333	0.009721033	0.1016023	344.059	
1	6.977942	0.009721246	0.02747346	343.0386	
1	7.002027	0.009721283	-0.04618881	341.8936	
1	7.026113	0.009721283	-0.1198511	341.8936	
1	7.051824	0.009721257	-0.1929618	340.6241	
1	7.077536	0.009721283	-0.2660724	340.6241	
1	7.104977	0.00972129	-0.3385515	339.2628	
1	7.132419	0.009721294	-0.4110306	339.2628	
1	7.161574	0.009721294	-0.4828373	337.9016	
1	7.192186	0.005797293	-0.5540351	336.734	
1	7.222798	0.008936428	-0.625233	336.734	
1	7.254616	0.009565093	-0.6958932	335.7602	
1	7.287394	0.009689756	-0.7661193	334.9802	
1	7.320172	0.009714819	-0.8363473	334.9802	
1	7.353666	0.009719994	-0.9062358	334.3939	
1	7.38716	0.00972103	-0.9761243	334.3939	
1	7.421132	0.009721231	-1.045782	334.0013	
1	7.455104	0.009721279	-1.115439	334.0013	
1	7.489318	0.009721287	-1.184978	333.8026	
1	7.523538	0.009721298	-1.254514	333.7975	
1	7.557757	0.005797297	-1.32405	333.7975	
1	7.591748	0.008936495	-1.393698	333.9862	
1	7.625754	0.009561472	-1.463356	333.9812	
1	7.659752	0.009689208	-1.533004	333.9812	
1	7.69352	0.009714883	-1.602761	334.1699	
1	7.727287	0.009720001	-1.672518	334.1699	
1	7.76106	0.00972103	-1.742272	334.1648	
1	7.794834	0.009721238	-1.812026	334.1648	
1	7.828377	0.009721279	-1.881891	334.3535	
1	7.860844	0.009721287	-1.949499	334.3487	
1	7.893311	0.009721294	-2.017107	334.3487	
1	7.923425	0.009721294	-2.080298	334.5191	
1	7.951393	0.009721287	-2.138974	334.5149	
1	7.979361	0.005797293	-2.197649	334.5149	
1	8.005039	0.008936483	-2.251876	334.661	
1	8.030723	0.009557895	-2.306119	334.661	
1	8.054264	0.009688478	-2.35583	334.6574	
1	8.077806	0.009714756	-2.405537	334.6574	
1	8.099111	0.009719998	-2.450771	334.7791	
1	8.118288	0.009721033	-2.49148	334.7762	
1	8.137465	0.009721246	-2.53219	334.7762	
1	8.15445	0.009721246	-2.568404	334.8736	
1	8.169313	0.009721257	-2.600092	334.8713	
1	8.184176	0.009721261	-2.63178	334.8713	
1	8.196881	0.009721246	-2.658957	334.9444	
1	8.209586	0.009721279	-2.686134	334.9444	
1	8.220174	0.009721287	-2.708781	334.9427	
1	8.230762	0.009721294	-2.731428	334.9427	
1	8.239217	0.009721294	-2.749553	334.9915	
1	8.245559	0.00972129	-2.763146	334.9905	
1	8.251901	0.009721287	-2.77674	334.9905	
1	8.256124	0.009721283	-2.785804	335.0148	
1	8.258237	0.009721272	-2.790336	335.0145	
1	8.260349	0.009721275	-2.794868	335.0145	
1	8.260349	0.009721275	-2.794868	335.0145	
1	8.260349	0.009721275	-2.794868	335.0145	
1	8.258237	0.009721275	-2.790336	335.0148	
1	8.256124	0.009721275	-2.785804	335.0148	
1	8.251897	0.009721272	-2.776742	334.9905	
1	8.245556	0.009721279	-2.763148	334.9915	
1	8.239215	0.009721287	-2.749554	334.9915	
1	8.230744	0.00972129	-2.731437	334.9427	
1	8.220157	0.00972129	-2.708789	334.9444	
1	8.209569	0.005797289	-2.686142	334.9444	
1	8.19683	0.008936495	-2.658981	334.8713	
1	8.184092	0.009561796	-2.63183	334.8713	
1	8.16923	0.009688884	-2.600146	334.8736	
1	8.154367	0.00971476	-2.568458	334.8736	
1	8.137321	0.009719953	-2.532272	334.7762	
1	8.118147	0.009721015	-2.491562	334.7791	
1	8.098972	0.009721234	-2.450851	334.7791	
1	8.077571	0.009721279	-2.405663	334.6574	
1	8.054032	0.00972129	-2.355955	334.661	
1	8.030494	0.009721298	-2.306246	334.661	
1	8.004677	0.009721298	-2.252084	334.5149	
1	7.97886	0.0057973	-2.197922	334.5149	
1	7.950897	0.008936483	-2.139245	334.5191	
1	7.922938	0.009558719	-2.080584	334.5191	
1	7.892638	0.00968745	-2.017485	334.3487	
1	7.860177	0.009714447	-1.949874	334.3535	
1	7.827716	0.009719905	-1.882262	334.3535	
1	7.795039	0.009721011	-1.814755	334.1709	
1	7.762368	0.009721238	-1.747245	334.1758	
1	7.729697	0.00972129	-1.679735	334.1758	
1	7.696811	0.009721298	-1.612329	333.9932	
1	7.663925	0.009721301	-1.544923	333.9932	
1	7.631045	0.009721301	-1.477515	333.998	
1	7.598165	0.0057973	-1.410106	333.998	
1	7.56507	0.008936495	-1.342803	333.8155	
1	7.531987	0.009561077	-1.275503	333.8203	
1	7.4989	0.009689067	-1.2082	333.8203	
1	7.465596	0.009714875	-1.141	333.6377	
1	7.432299	0.009720013	-1.073796	333.6425	
1	7.399001	0.009721041	-1.006593	333.6425	
1	7.365489	0.009721246	-0.9394966	333.46	
1	7.331978	0.009721283	-0.8723999	333.46	
1	7.298275	0.00972129	-0.8053988	333.2971	
1	7.264573	0.009721294	-0.7383975	333.2971	
1	7.230759	0.009721305	-0.6714528	333.2013	
1	7.196931	0.005797308	-0.604515	333.1898	
1	7.163103	0.008936398	-0.5375774	333.1898	
1	7.1294	0.009564172	-0.4705692	333.297	
1	7.095967	0.009689756	-0.4034322	333.5265	
1	7.062533	0.009714961	-0.3362966	333.5265	
1	7.029512	0.009720013	-0.268957	333.8785	
1	6.996492	0.009721018	-0.2016172	333.8785	
1	6.96403	0.00972122	-0.1340064	334.3529	
1	6.931568	0.009721283	-0.06639571	334.3529	
1	6.899771	0.009721294	0.001530327	334.9151	
1	6.868642	0.0057973	0.06976514	335.4774	
1	6.837513	0.008936491	0.138	335.4774	
1	6.806833	0.009564321	0.2064348	335.8521	
1	6.776375	0.009689823	0.2749705	336.0394	
1	6.745917	0.009715024	0.3435072	336.0394	
1	6.715459	0.009720039	0.412044	336.0392	
1	6.685	0.00972103	0.4805807	336.0392	
1	6.654766	0.009721231	0.5492167	336.2264	
1	6.624532	0.009721283	0.6178526	336.2264	
1	6.594297	0.009721294	0.6864884	336.2262	
1	6.564287	0.005797293	0.7552227	336.4134	
1	6.534276	0.008936491	0.8239568	336.4134	
1	6.504576	0.009564131	0.8928304	336.6722	
1	6.475306	0.009689849	0.9618834	337.0289	
1	6.446035	0.009714991	1.030936	337.0289	
1	6.417318	0.009720024	1.100221	337.4871	
1	6.388601	0.009721037	1.169505	337.4871	
1	6.360563	0.009721242	1.239067	338.0468	
1	6.332524	0.009721287	1.308629	338.0468	
1	6.305273	0.009721298	1.378502	338.6935	
1	6.278811	0.0057973	1.448679	339.3401	
1	6.252349	0.008936401	1.518856	339.3401	
1	6.22645	0.009564128	1.589249	339.7993	
1	6.200887	0.009689767	1.659759	340.071	
1	6.175323	0.00971495	1.730267	340.071	
1	6.149862	0.009720024	1.800813	340.1552	
1	6.124402	0.009721041	1.87136	340.1552	
1	6.098814	0.009721242	1.94186	340.0518	
1	6.073226	0.009721279	2.01236	340.0518	
1	6.047616	0.009721287	2.082852	340.0337	
1	6.022129	0.009721294	2.153388	340.1334	
1	5.996642	0.009721298	2.223925	340.1334	
1	5.971444	0.009721298	2.294565	340.3682	
1	5.946707	0.005797297	2.365368	340.7417	
1	5.92197	0.008936491	2.436171	340.7417	
1	5.89787	0.009562019	2.507181	341.2539	
1	5.873766	0.009688932	2.578199	341.2539	
1	5.850472	0.009714641	2.649489	341.9049	
1	5.827178	0.009719871	2.72078	341.9049	
1	5.804868	0.009720977	2.792385	342.6947	
1	5.783717	0.009721205	2.864341	343.6195	
1	5.762566	0.009721279	2.936296	343.6195	
1	5.742579	0.009721294	3.008584	344.5443	
1	5.723761	0.009721301	3.081185	345.4691	
1	5.704944	0.0057973	3.153786	345.4691	
1	5.6873	0.008936498	3.226681	346.394	
1	5.669654	0.00956456	3.299581	346.394	
1	5.653191	0.009689827	3.372751	347.3188	
1	5.636726	0.009714924	3.445922	347.3188	
1	5.62156	0.009720013	3.519372	348.3333	
1	5.607832	0.00972103	3.593105	349.4529	
1	5.594104	0.009721238	3.666838	349.4529	
1	5.581959	0.009721279	3.740849	350.6814	
1	5.571545	0.009721294	3.815122	352.0186	
1	5.561131	0.009721294	3.889396	352.0186	
1	5.552453	0.009721294	3.963892	353.3558	
1	5.543775	0.005797293	4.038388	353.3558	
1	5.536594	0.008936491	4.113044	354.5055	
1	5.529421	0.009562649	4.187694	354.5055	
1	5.523497	0.009688564	4.262457	355.4677	
1	5.518582	0.009714302	4.337296	356.2424	
1	5.513668	0.009719778	4.412134	356.2424	
1	5.50952	0.009720962	4.48702	356.8296	
1	5.505894	0.009721227	4.561932	357.2293	
1	5.502269	0.009721279	4.636845	357.2293	
1	5.498921	0.009721287	4.71177	357.4416	
1	5.495573	0.009721294	4.786695	357.4416	
1	5.492503	0.009721294	4.861633	357.6537	
1	5.489432	0.005797293	4.93657	357.6537	
1	5.486639	0.008936491	5.011518	357.866	
1	5.484125	0.009564143	5.086474	358.0782	
1	5.481609	0.009689808	5.161432	358.0782	
1	5.479125	0.009715017	5.236391	358.1029	
1	5.476429	0.009719968	5.311342	357.9401	
1	5.473733	0.009721011	5.386294	357.9401	
1	5.47107	0.009721238	5.461246	357.9648	
1	5.468406	0.009721257	5.536199	357.9648	
1	5.46553	0.009721272	5.611144	357.802	
1	5.462654	0.00972129	5.686089	357.802	
1	5.459809	0.009721294	5.761035	357.8267	
1	5.456752	0.009721294	5.835973	357.6639	
1	5.453695	0.009721294	5.910911	357.6639	
1	5.450671	0.009721294	5.985849	357.6886	
1	5.447433	0.009721294	6.06078	357.5258	
1	5.444195	0.005797293	6.13571	357.5258	
1	5.44099	0.008936506	6.210641	357.5505	
1	5.437806	0.009553842	6.285557	357.5505	
1	5.434695	0.009685054	6.360489	357.6187	
1	5.43158	0.009713743	6.435423	357.6187	
1	5.428666	0.009719733	6.510367	357.7737	
1	5.42611	0.009720977	6.585323	358.0476	
1	5.423555	0.009721234	6.66028	358.0476	
1	5.421548	0.009721287	6.735253	358.4665	
1	5.420293	0.009721294	6.810242	359.0414	
1	5.419039	0.009721298	6.885231	359.0414	
1	5.418741	0.009721298	6.960231	359.7723	
1	5.418443	0.009721294	7.03523	359.7723	
1	5.419306	0.009721301	7.110225	0.6592103	
1	5.420169	0.005797304	7.18522	0.6592103	
1	5.422397	0.008936506	7.260187	1.702076	
1	5.426214	0.00955417	7.335078	2.900924	
1	5.430016	0.009686578	7.409978	2.900924	
1	5.435582	0.009714216	7.484771	4.255755	
1	5.443118	0.009719875	7.559391	5.766569	
1	5.450653	0.009721003	7.634011	5.766569	
1	5.460361	0.009721231	7.70838	7.436997	
1	5.470069	0.009721283	7.782749	7.436997	
1	5.482171	0.00972129	7.856766	9.286105	
1	5.496896	0.009721294	7.930306	11.32272	
1	5.511621	0.005797293	8.003847	11.32272	
1	5.52919	0.008936491	8.07676	13.54682	
1	5.549819	0.009562537	8.148868	15.95843	
1	5.570446	0.009688001	8.220976	15.95843	
1	5.594317	0.009714324	8.292075	18.55754	
1	5.621615	0.009719849	8.361932	21.34415	
1	5.648913	0.009720989	8.431787	21.34415	
1	5.679798	0.009721223	8.500133	24.31826	
1	5.714406	0.009721279	8.56667	27.47987	
1	5.749014	0.009721283	8.633208	27.47987	
1	5.78745	0.009721279	8.697611	30.82897	
1	5.829785	0.009721294	8.75952	34.36558	
1	5.876052	0.009721294	8.818548	38.08969	
1	5.922319	0.005797293	8.877577	38.08969	
1	5.972323	0.008936491	8.933475	41.8138	
1	6.025858	0.009558775	8.98601	45.53791	
1	6.082687	0.00968748	9.034955	49.26202	
1	6.139515	0.00971394	9.0839	49.26202	
1	6.199402	0.009719715	9.129051	52.98613	
1	6.262095	0.009720948	9.170217	56.71024	
1	6.327329	0.00972122	9.207223	60.43435	
1	6.392563	0.009721275	9.244229	60.43435	
1	6.460063	0.009721283	9.27692	64.15845	
1	6.529544	0.009721272	9.305159	67.88257	
1	6.600713	0.00972129	9.328824	71.60668	
1	6.671881	0.00972129	9.352489	71.60668	
1	6.744437	0.00972129	9.371482	75.33078	
1	6.818072	0.009721287	9.385722	79.05489	
1	6.891708	0.009721294	9.399962	79.05489	
1	6.966113	0.009721301	9.409389	82.779	
1	7.040974	0.009721301	9.413964	86.50311	
1	7.115834	0.005797297	9.418539	86.50311	
1	7.190834	0.008936502	9.418242	90.22723	
1	7.263176	0.009562559	9.413402	93.82719	
1	7.330173	0.009689234	9.405163	97.01013	
1	7.397168	0.009714834	9.396924	97.01013	
1	7.458756	0.009720013	9.386285	99.80106	
1	7.514952	0.009721041	9.374109	102.225	
1	7.571148	0.009721238	9.361934	102.225	
1	7.62202	0.009721275	9.34896	104.3068	
1	7.667664	0.009721287	9.33581	106.0717	
1	7.713307	0.009721294	9.322659	106.0717	
1	7.75383	0.009721298	9.309848	107.5445	
1	7.78934	0.0057973	9.297793	108.7503	
1	7.81992	0.008936495	9.286787	109.7954	
1	7.850501	0.009562269	9.275763	109.7954	
1	7.876229	0.009688426	9.266046	110.6796	
1	7.897184	0.00971451	9.257852	111.355	
1	7.913429	0.009719908	9.251342	111.8366	
1	7.929673	0.009721	9.244832	111.8366	
1	7.941251	0.009721227	9.240119	112.1493	
1	7.948189	0.009721279	9.237271	112.3182	
1	7.9505	0.009721283	9.23632	112.3682	
1	7.952812	0.00972129	9.235368	112.3682	
1	7.9505	0.009721294	9.236318	112.3244	
1	7.948187	0.009721294	9.237267	112.3244	
1	7.941244	0.009721294	9.240103	112.2118	
1	7.929658	0.005797293	9.244797	112.0553	
1	7.913419	0.008936487	9.251318	111.88	
1	7.897181	0.009563539	9.257832	111.88	
1	7.876277	0.009689454	9.266153	111.7109	
1	7.850704	0.009714812	9.276263	111.5729	
1	7.820463	0.009719983	9.28817	111.491	
1	7.790223	0.009721033	9.300076	111.491	
1	7.75533	0.009721246	9.313814	111.4904	
1	7.715813	0.009721283	9.329456	111.5959	
1	7.67172	0.00972129	9.347121	111.8325	
1	7.627627	0.005797293	9.364786	111.8325	
1	7.579028	0.008936487	9.384645	112.2253	
1	7.530428	0.009563901	9.404499	112.2253	
1	7.477421	0.009689666	9.426779	112.7993	
1	7.420139	0.009714972	9.451779	113.5794	
1	7.358761	0.009720027	9.479868	114.5907	
1	7.297383	0.009721041	9.507957	114.5907	
1	7.232142	0.009721242	9.539577	115.8582	
1	7.163341	0.009721283	9.57525	117.4068	
1	7.095656	0.00972129	9.612999	119.1491	
1	7.027971	0.005797289	9.650748	119.1491	
1	6.9616	0.008936446	9.690763	121.0852	
1	6.896762	0.009565096	9.733224	123.2151	
1	6.833699	0.009690206	9.778272	125.5387	
1	6.770635	0.00971514	9.823318	125.5387	
1	6.70961	0.009720072	9.871092	128.0561	
1	6.648586	0.009721048	9.918865	128.0561	
1	6.58989	0.009721249	9.969472	130.7672	
1	6.533834	0.009721287	10.02299	133.672	
1	6.480752	0.00972129	10.07946	136.7706	
1	6.427671	0.009721279	10.13592	136.7706	
1	6.37792	0.009721261	10.19535	140.063	
1	6.328169	0.009721287	10.25477	140.063	
1	6.283294	0.009721298	10.31486	143.2491	
1	6.244199	0.0057973	10.37293	146.0479	
1	6.210222	0.008936498	10.42834	148.4842	
1	6.176243	0.009564273	10.48376	148.4842	
1	6.146774	0.009689853	10.53602	150.5831	
1	6.121267	0.009715009	10.58475	152.3697	
1	6.099246	0.009720046	10.62964	153.8688	
1	6.077225	0.009721048	10.67453	153.8688	
1	6.058282	0.009721249	10.71535	155.1055	
1	6.039339	0.009721287	10.75617	155.1055	
1	6.023137	0.009721294	10.79274	156.1047	
1	6.0094	0.009721298	10.82493	156.8916	
1	5.997952	0.005797297	10.85266	157.5661	
1	5.986503	0.008936491	10.88039	157.5661	
1	5.977171	0.009564582	10.90359	158.0798	
1	5.969821	0.009690005	10.92219	158.4407	
1	5.962472	0.009715024	10.94079	158.4407	
1	5.957017	0.009720039	10.95476	158.6739	
1	5.953402	0.009721041	10.96408	158.8044	
1	5.949786	0.009721246	10.97341	158.8044	
1	5.947983	0.009721287	10.97807	158.8571	
1	5.947983	0.009721287	10.97807	158.8571	
1	5.949789	0.009721287	10.97341	158.8294	
1	5.951594	0.009721294	10.96875	158.8294	
1	5.955211	0.009721298	10.95942	158.7989	
1	5.960638	0.009721298	10.94544	158.7907	
1	5.96786	0.005797297	10.92679	158.8298	
1	5.975083	0.008936491	10.90814	158.8298	
1	5.984059	0.009563956	10.88481	158.9411	
1	5.994736	0.009689778	10.85678	159.1496	
1	6.007005	0.009714976	10.824	159.4805	
1	6.019273	0.009720035	10.79122	159.4805	
1	6.032981	0.009721037	10.75364	159.9586	
1	6.047922	0.009721246	10.71119	160.6089	
1	6.063823	0.009721283	10.66379	161.4566	
1	6.079724	0.00972129	10.61638	161.4566	
1	6.096239	0.009721279	10.56392	162.5264	
1	6.112935	0.00972129	10.50629	163.8436	
1	6.129283	0.009721294	10.44338	165.433	
1	6.145631	0.005797293	10.38047	165.433	
1	6.160997	0.008936491	10.31218	167.3197	
1	6.174626	0.009564109	10.23843	169.5286	
1	6.18516	0.009689614	10.16417	171.925	
1	6.195695	0.009714779	10.08991	171.925	
1	6.202872	0.009719968	10.01526	174.509	
1	6.20643	0.009721022	9.940343	177.2804	
1	6.206117	0.009721205	9.865343	180.2393	
1	6.205804	0.009721275	9.790343	180.2393	
1	6.201375	0.00972129	9.715474	183.3858	
1	6.192599	0.009721294	9.640989	186.7197	
1	6.179265	0.009721294	9.567184	190.2411	
1	6.16593	0.009721294	9.49338	190.2411	
1	6.14785	0.009721287	9.420591	193.9501	
1	6.125098	0.009721294	9.349126	197.659	
1	6.097772	0.005797293	9.279282	201.368	
1	6.070445	0.008936498	9.209437	201.368	
1	6.038638	0.009560477	9.141509	205.0769	
1	6.002732	0.009687498	9.07566	208.5983	
1	5.96683	0.009713929	9.009809	208.5983	
1	5.927161	0.0097198	8.946159	211.9323	
1	5.887493	0.009720992	8.882509	211.9323	
1	5.84439	0.009721238	8.821132	215.0787	
1	5.798177	0.009721279	8.762061	218.0376	
1	5.751963	0.009721294	8.702991	218.0376	
1	5.70467	0.009721298	8.64804	220.7167	
1	5.656816	0.005797297	8.596952	223.1283	
1	5.608849	0.008936487	8.54946	225.2851	
1	5.56087	0.009562526	8.501965	225.2851	
1	5.513175	0.009689186	8.4578	227.1995	
1	5.466088	0.009714823	8.4167	228.8841	
1	5.419789	0.009719994	8.378536	230.5012	
1	5.373491	0.009721044	8.340372	230.5012	
1	5.328149	0.009721249	8.305012	232.051	
1	5.277673	0.00972129	8.268154	233.8632	
1	5.221722	0.009721313	8.230395	235.9862	
1	5.165771	0.005797308	8.192636	235.9862	
1	5.10399	0.008936472	8.154698	238.4476	
1	5.036006	0.009553224	8.11744	241.2726	
1	4.966173	0.009685624	8.083819	244.2913	
1	4.896343	0.009713799	8.0502	244.2913	
1	4.82474	0.009719752	8.020547	247.5037	
1	4.751502	0.009720989	7.9952	250.9099	
1	4.679267	0.009721238	7.975023	254.3937	
1	4.607032	0.00972129	7.954846	254.3937	
1	4.536131	0.009721301	7.939702	257.9427	
1	4.466924	0.0057973	7.929197	261.3692	
1	4.399715	0.008936487	7.922931	264.6734	
1	4.33251	0.009565964	7.916657	264.6734	
1	4.267556	0.009690337	7.914223	267.8553	
1	4.205064	0.009715136	7.91522	270.9147	
1	4.1452	0.009720068	7.919251	273.8517	
1	4.085335	0.009721048	7.923282	273.8517	
1	4.028224	0.009721246	7.929957	276.6664	
1	3.973956	0.009721275	7.938901	279.3587	
1	3.924992	0.00972129	7.949024	281.6813	
1	3.876027	0.00972129	7.959147	281.6813	
1	3.8323	0.00972129	7.969774	283.6591	
1	3.79372	0.009721294	7.98034	285.3171	
1	3.760193	0.009721301	7.990386	286.6804	
1	3.726666	0.0057973	8.000432	286.6804	
1	3.698098	0.008936498	8.00959	287.7739	
1	3.674406	0.009563867	8.017584	288.6227	
1	3.650714	0.009689569	8.02557	288.6227	
1	3.631833	0.009714864	8.032166	289.2517	
1	3.617709	0.009719975	8.037218	289.686	
1	3.603586	0.009721033	8.042271	289.686	
1	3.594187	0.009721249	8.045687	289.9755	
1	3.589492	0.009721279	8.047405	290.1077	
1	3.584797	0.00972129	8.049124	290.1077	
1	3.584797	0.009721294	8.049124	290.1078	
1	3.589495	0.005797297	8.047414	290.0005	
1	3.594194	0.008936495	8.045704	290.0005	
1	3.603602	0.009563752	8.042317	289.811	
1	3.617736	0.00968967	8.037294	289.5642	
1	3.636613	0.00971495	8.030689	289.2852	
1	3.655491	0.009720027	8.024084	289.2852	
1	3.679129	0.009721044	8.015945	288.9989	
1	3.702767	0.009721249	8.007807	288.9989	
1	3.731178	0.00972129	7.998173	288.7304	
1	3.764369	0.009721298	7.987065	288.5046	
1	3.797559	0.005797297	7.975956	288.5046	
1	3.835526	0.008936495	7.963366	288.3466	
1	3.878254	0.009564117	7.949257	288.2813	
1	3.920983	0.009689812	7.935143	288.2813	
1	3.968445	0.009714987	7.919415	288.3338	
1	4.015907	0.009720031	7.903688	288.3338	
1	4.068056	0.009721041	7.88621	288.5289	
1	4.124824	0.009721231	7.866783	288.8919	
1	4.186115	0.009721287	7.845142	289.4476	
1	4.247407	0.009721294	7.823501	289.4476	
1	4.313093	0.009721294	7.799306	290.221	
1	4.382999	0.009721298	7.772139	291.2372	
1	4.452906	0.009721301	7.744971	291.2372	
1	4.526806	0.009721301	7.714329	292.5211	
1	4.599886	0.0057973	7.681784	294.0051	
1	4.672967	0.008936495	7.649238	294.0051	
1	4.74506	0.009564184	7.614563	295.6889	
1	4.815974	0.009689812	7.577533	297.5729	
1	4.885494	0.009714987	7.537949	299.6568	
1	4.955015	0.009720013	7.498365	299.6568	
1	5.022902	0.009721044	7.456042	301.9407	
1	5.09079	0.009721238	7.413719	301.9407	
1	5.15678	0.009721279	7.368493	304.4247	
1	5.222769	0.00972129	7.323267	304.4247	
1	5.286569	0.009721294	7.275002	307.1086	
1	5.346022	0.005797293	7.225287	309.9024	
1	5.405475	0.008936521	7.175572	309.9024	
1	5.458915	0.009555202	7.126592	312.5159	
1	5.506828	0.009685878	7.079048	314.7805	
1	5.55474	0.009713881	7.031502	314.7805	
1	5.597587	0.009719785	6.986	316.7211	
1	5.640434	0.009720996	6.940498	316.7211	
1	5.678638	0.009721238	6.897525	318.3626	
1	5.712573	0.009721283	6.857467	319.7302	
1	5.746509	0.00972129	6.817409	319.7302	
1	5.776484	0.00972129	6.780561	320.8711	
1	5.802775	0.009721298	6.747169	321.7856	
1	5.829066	0.0057973	6.713777	321.7856	
1	5.851895	0.008936446	6.684026	322.4987	
1	5.874727	0.009562958	6.654285	322.4987	
1	5.894271	0.009687558	6.62832	323.0356	
1	5.913814	0.009713907	6.602353	323.0356	
1	5.930202	0.009719659	6.58027	323.4211	
1	5.943529	0.009720944	6.562141	323.6802	
1	5.956855	0.009721223	6.544012	323.6802	
1	5.967182	0.009721283	6.529883	323.838	
1	5.974543	0.009721301	6.519781	323.9195	
1	5.981905	0.005797308	6.509679	323.9195	
1	5.986318	0.008936509	6.503615	323.9496	
1	5.990731	0.00956279	6.49754	323.9496	
1	5.992201	0.009689499	6.495515	323.9534	
1	5.99073	0.009714942	6.497536	323.9558	
1	5.989259	0.009720024	6.499557	323.9558	
1	5.984849	0.009721044	6.505623	323.982	
1	5.977512	0.009721249	6.515743	324.0567	
1	5.970175	0.009721294	6.525863	324.0567	
1	5.959939	0.009721301	6.540058	324.2052	
1	5.949704	0.005797304	6.554252	324.2052	
1	5.936623	0.008936487	6.572559	324.4523	
1	5.923547	0.009550571	6.590858	324.4523	
1	5.907706	0.009684313	6.613336	324.823	
1	5.889225	0.009713277	6.640069	325.3425	
1	5.870743	0.009719566	6.666803	325.3425	
1	5.849792	0.009720922	6.697905	326.0356	
1	5.8266	0.00972122	6.733519	326.9273	
1	5.803408	0.009721268	6.769133	326.9273	
1	5.778266	0.00972129	6.809434	328.0427	
1	5.753125	0.005797293	6.849735	328.0427	
1	5.726406	0.008936487	6.894927	329.4068	
1	5.699687	0.009564117	6.940121	329.4068	
1	5.671851	0.009689867	6.990433	331.0445	
1	5.643458	0.009715006	7.046112	332.9809	
1	5.615065	0.009720024	7.10179	332.9809	
1	5.586796	0.009721041	7.163085	335.241	
1	5.559461	0.009721253	7.230234	337.8497	
1	5.532125	0.009721279	7.297383	337.8497	
1	5.506679	0.009721287	7.370587	340.8321	
1	5.481233	0.00972129	7.44379	340.8321	
1	5.459881	0.00972129	7.518291	344.0082	
1	5.442946	0.009721294	7.593919	347.3781	
1	5.426012	0.009721298	7.669546	347.3781	
1	5.41381	0.009721298	7.746079	350.9417	
1	5.40665	0.009721301	7.823248	354.6991	
1	5.399489	0.009721301	7.900416	354.6991	
1	5.397402	0.009721301	7.977888	358.4565	
1	5.395314	0.0057973	8.05536	358.4565	
1	5.398308	0.008936509	8.132802	2.213818	
1	5.4013	0.00956291	8.210242	2.213818	
1	5.409367	0.009687666	8.287319	5.971196	
1	5.422464	0.009714272	8.363705	9.728574	
1	5.43556	0.009719841	8.44009	9.728574	
1	5.453633	0.009720992	8.515453	13.48595	
1	5.476607	0.009721227	8.58947	17.24333	
1	5.49958	0.009721279	8.663486	17.24333	
1	5.526081	0.00972129	8.733648	20.692	
1	5.555389	0.009721298	8.79996	23.84447	
1	5.586856	0.005797297	8.862489	26.71323	
1	5.618323	0.008936491	8.925017	26.71323	
1	5.651378	0.009563584	8.983875	29.31079	
1	5.685488	0.009689514	9.039209	31.64964	
1	5.720204	0.009714916	9.091181	33.74228	
1	5.75492	0.00972002	9.143152	33.74228	
1	5.789849	0.009721037	9.191937	35.60123	
1	5.824645	0.009721238	9.237715	37.23896	
1	5.859009	0.009721279	9.280658	38.66798	
1	5.893373	0.009721298	9.323601	38.66798	
1	5.92705	0.009721305	9.363876	39.9008	
1	5.95982	0.005797308	9.401641	40.94992	
1	5.991498	0.008936506	9.437036	41.82783	
1	6.023198	0.009550069	9.472436	41.82783	
1	6.053632	0.009683728	9.50559	42.54702	
1	6.082684	0.009713035	9.536613	43.12002	
1	6.111734	0.009719476	9.567635	43.12002	
1	6.139298	0.009720888	9.596622	43.55932	
1	6.16529	0.009721171	9.623652	43.87741	
1	6.191282	0.009721242	9.650683	43.87741	
1	6.215633	0.009721268	9.675823	44.08678	
1	6.238291	0.00972129	9.699122	44.19995	
1	6.260949	0.00972129	9.722422	44.19995	
1	6.281875	0.00972129	9.743918	44.22942	
1	6.301043	0.009721298	9.763638	44.18768	
1	6.32021	0.009721298	9.783357	44.18768	
1	6.337644	0.009721298	9.801276	44.21225	
1	6.353324	0.005797297	9.817412	44.17809	
1	6.367267	0.008936491	9.831751	44.19774	
1	6.381217	0.009562433	9.84609	44.19774	
1	6.393415	0.009688828	9.858644	44.17118	
1	6.403871	0.009714626	9.8694	44.18591	
1	6.41258	0.009719923	9.878366	44.16694	
1	6.42129	0.009721011	9.887333	44.16694	
1	6.428259	0.009721234	9.894505	44.17677	
1	6.433485	0.009721283	9.899884	44.16538	
1	6.436968	0.00972129	9.903471	44.1703	
1	6.440452	0.00972129	9.907058	44.1703	
