1	5.299	1.7	2.892	0	
1	5.299	1.696076	2.892	0	
1	5.299	1.688228	2.892	0	
1	5.299	1.676456	2.892	0	
1	5.299	1.66076	2.892	0	
1	5.299	1.64114	2.892	0	
1	5.299	1.617596	2.892	0	
1	5.299	1.590128	2.892	0	
1	5.299	1.558736	2.892	0	
1	5.299	1.52342	2.892	0	
1	5.299	1.48418	2.892	0	
1	5.299	1.441016	2.892	0	
1	5.299	1.393928	2.892	0	
1	5.299	1.342916	2.892	0	
1	5.299	1.28798	2.892	0	
1	5.299	1.22912	2.892	0	
1	5.299	1.166336	2.892	0	
1	5.299	1.099628	2.892	0	
1	5.299	1.028996	2.892	0	
1	5.299	0.9544402	2.892	0	
1	5.299	0.8759602	2.892	0	
1	5.299	0.7935563	2.892	0	
1	5.299	0.7072283	2.892	0	
1	5.299	0.6169763	2.892	0	
1	5.299	0.5228003	2.892	0	
1	5.299	0.4247003	2.892	0	
1	5.299	0.3226764	2.892	0	
1	5.299	0.2167284	2.892	0	
1	5.299	0.1068564	2.892	0	
1	5.299	0.009722497	2.892	0	
1	5.299	0.005798496	2.892	0	
1	5.299	-0.002049502	2.892	0	
1	5.299	0.007367175	2.892	0	
1	5.299009	0.009250134	2.891993	0	
1	5.299011	0.009626988	2.891991	0	
1	5.299012	0.009702422	2.891991	0	
1	5.299012	0.009717517	2.891991	0	
1	5.299012	0.009720542	2.891991	0	
1	5.299012	0.009721145	2.891991	0	
1	5.299012	0.009721268	2.891991	0	
1	5.299012	0.00972129	2.891991	0	
1	5.299012	0.009721298	2.891991	0	
1	5.299012	0.009721298	2.891991	0	
1	5.299012	0.009721298	2.891991	0	
1	5.299012	0.009721298	2.891991	0	
1	5.299012	0.009721298	2.891991	0	
1	5.299012	0.009721298	2.891991	0	
1	5.299012	0.009721298	2.891991	0	
1	5.299012	0.009721298	2.891991	0	
1	5.299012	0.009721298	2.891991	0	
1	5.299012	0.009721298	2.891991	0	
1	5.299012	0.009721298	2.891991	0	
1	5.299012	0.009721298	2.891991	0	
1	5.299012	0.009721298	2.891991	0	
1	5.299012	0.009721298	2.891991	0	
1	5.299012	0.009721298	2.891991	0	
1	5.299012	0.009721298	2.891991	0	
1	5.299012	0.009721298	2.891991	0	
1	5.299012	0.009721298	2.896991	0	
1	5.299012	0.009721298	2.906991	0	
1	5.299012	0.009721298	2.916991	0	
1	5.299012	0.009721298	2.931991	0	
1	5.299012	0.009721298	2.951991	0	
1	5.299012	0.009721298	2.976991	0	
1	5.299012	0.009721298	3.001991	0	
1	5.299012	0.009721298	3.031991	0	
1	5.299012	0.009721298	3.061991	0	
1	5.299012	0.009721294	3.096991	0	
1	5.299012	0.009721294	3.136991	0	
1	5.299012	0.009721301	3.181991	0	
1	5.299012	0.005797304	3.226991	0	
1	5.299012	0.008936513	3.276991	0	
1	5.299033	0.009559333	3.331977	0	
1	5.299036	0.009688389	3.391975	0	
1	5.299036	0.009714644	3.451975	0	
1	5.299036	0.009719964	3.516975	0	
1	5.299036	0.009721033	3.581975	0	
1	5.299036	0.009721246	3.651975	0	
1	5.299036	0.009721287	3.721975	0	
1	5.299036	0.009721294	3.796975	0	
1	5.299036	0.009721298	3.876975	0	
1	5.299036	0.009721298	3.956975	0	
1	5.299036	0.009721298	4.036975	0	
1	5.299036	0.009721294	4.116975	0	
1	5.299036	0.009721301	4.196975	0	
1	5.299036	0.005797304	4.276975	0	
1	5.299036	0.008936416	4.356975	0	
1	5.299042	0.009563677	4.436974	0	
1	5.299042	0.009689748	4.516974	0	
1	5.299042	0.009714987	4.596974	0	
1	5.299042	0.009720031	4.676974	0	
1	5.299066	0.009721041	4.756974	0.01724168	
1	5.299177	0.009721242	4.836974	0.07980978	
1	5.299289	0.009721287	4.916974	0.07980978	
1	5.299572	0.009721294	4.996974	0.2031993	
1	5.300113	0.009721294	5.076972	0.3874103	
1	5.300654	0.009721301	5.15697	0.3874103	
1	5.301542	0.005797304	5.236965	0.6363165	
1	5.302868	0.008936409	5.316954	0.949918	
1	5.304729	0.009563521	5.396931	1.328215	
1	5.306585	0.009689681	5.476909	1.328215	
1	5.309058	0.009714976	5.556871	1.771206	
1	5.312239	0.009720031	5.636807	2.278893	
1	5.316218	0.009721033	5.716708	2.851275	
1	5.320198	0.009721238	5.796609	2.851275	
1	5.325066	0.009721279	5.876461	3.488353	
1	5.330911	0.00972129	5.956247	4.190126	
1	5.337823	0.009721294	6.035948	4.956593	
1	5.344735	0.005797293	6.115649	4.956593	
1	5.352803	0.008936491	6.195241	5.787756	
1	5.36212	0.009558942	6.274692	6.683614	
1	5.372763	0.009687707	6.353979	7.641262	
1	5.383401	0.009714436	6.433268	7.641262	
1	5.395448	0.009719893	6.512356	8.660702	
1	5.408985	0.009721015	6.591202	9.741927	
1	5.424092	0.009721234	6.669763	10.88495	
1	5.439199	0.009721275	6.748324	10.88495	
1	5.455955	0.009721283	6.82655	12.08975	
1	5.474351	0.009721287	6.904406	13.29456	
1	5.494381	0.009721294	6.981858	14.49937	
1	5.51441	0.009721298	7.05931	14.49937	
1	5.536064	0.009721298	7.136324	15.70418	
1	5.559332	0.005797297	7.212865	16.90899	
1	5.584205	0.008936495	7.288901	18.11379	
1	5.609102	0.00956044	7.364933	18.11379	
1	5.635575	0.009688053	7.440427	19.3186	
1	5.663623	0.009714406	7.515348	20.52341	
1	5.69324	0.009719867	7.589664	21.72821	
1	5.722856	0.009721007	7.66398	21.72821	
1	5.754028	0.009721238	7.737658	22.93302	
1	5.786488	0.009721283	7.810776	23.93783	
1	5.819972	0.00972129	7.883432	24.74264	
1	5.853455	0.00972129	7.956088	24.74264	
1	5.887703	0.00972129	8.028386	25.34744	
1	5.922462	0.00972129	8.100441	25.75225	
1	5.957478	0.00972129	8.172371	25.95706	
1	5.992493	0.009721298	8.244301	25.95706	
1	6.027515	0.009721298	8.316228	25.96186	
1	6.062292	0.009721294	8.388273	25.76667	
1	6.097074	0.009721294	8.460316	25.77148	
1	6.131611	0.009721298	8.532476	25.57629	
1	6.166154	0.005797297	8.604634	25.58109	
1	6.200697	0.008936495	8.676792	25.58109	
1	6.23501	0.009562932	8.749066	25.3859	
1	6.269316	0.009689417	8.821339	25.39071	
1	6.303373	0.009714887	8.893727	25.19552	
1	6.33743	0.00971999	8.966116	25.19552	
1	6.371492	0.009721022	9.038502	25.20033	
1	6.405308	0.009721242	9.111003	25.00513	
1	6.43913	0.009721283	9.183501	25.00994	
1	6.472952	0.009721287	9.256	25.00994	
1	6.506527	0.00972129	9.328613	24.81475	
1	6.540108	0.009721294	9.401224	24.81956	
1	6.573442	0.005797293	9.473948	24.62436	
1	6.606775	0.008936491	9.546673	24.62436	
1	6.640131	0.009563182	9.619393	24.62917	
1	6.673226	0.009689502	9.692227	24.43398	
1	6.706325	0.00971492	9.765059	24.43878	
1	6.739422	0.00972002	9.837892	24.43878	
1	6.772272	0.009721041	9.910836	24.24359	
1	6.805127	0.009721238	9.983778	24.2484	
1	6.837734	0.009721283	10.05683	24.05321	
1	6.87034	0.009721287	10.12988	24.05321	
1	6.902953	0.009721283	10.20294	24.05801	
1	6.935317	0.00972129	10.2761	23.86282	
1	6.967687	0.00972129	10.34925	23.86763	
1	7.000057	0.009721301	10.42241	23.86763	
1	7.032178	0.005797308	10.49568	23.67244	
1	7.064077	0.008936513	10.56905	23.49933	
1	7.095821	0.009560209	10.64249	23.36283	
1	7.127548	0.009688769	10.71593	23.36283	
1	7.159155	0.00971476	10.78942	23.27069	
1	7.1907	0.009719983	10.86294	23.22291	
1	7.22224	0.00972103	10.93646	23.21948	
1	7.253833	0.009721246	11.00995	23.26042	
1	7.285535	0.009721283	11.0834	23.34571	
1	7.317237	0.009721298	11.15685	23.34571	
1	7.349105	0.0057973	11.23023	23.47536	
1	7.381196	0.008936405	11.30351	23.64937	
1	7.413576	0.00956358	11.37667	23.86774	
1	7.446282	0.009689644	11.44968	24.13046	
1	7.479379	0.009714954	11.52252	24.43754	
1	7.512475	0.00972002	11.59535	24.43754	
1	7.546017	0.009721033	11.66798	24.78898	
1	7.58006	0.009721246	11.74037	25.18478	
1	7.614659	0.009721283	11.8125	25.62493	
1	7.649257	0.00972129	11.88463	25.62493	
1	7.684464	0.00972129	11.95647	26.10945	
1	7.720333	0.009721294	12.02798	26.63832	
1	7.756915	0.009721298	12.09913	27.21155	
1	7.793497	0.009721301	12.17027	27.21155	
1	7.830843	0.009721305	12.24102	27.82913	
1	7.869005	0.005797308	12.31133	28.49108	
1	7.908031	0.008936513	12.38117	29.19738	
1	7.947081	0.009552386	12.451	29.19738	
1	7.987024	0.009684388	12.52032	29.94805	
1	8.027922	0.009713527	12.58908	30.74306	
1	8.069818	0.009719696	12.65723	31.58244	
1	8.111716	0.009720985	12.72538	31.58244	
1	8.15466	0.009721238	12.79288	32.46618	
1	8.19864	0.009721287	12.8597	33.34991	
1	8.243646	0.009721298	12.92584	34.23365	
1	8.288651	0.009721298	12.99198	34.23365	
1	8.334672	0.009721305	13.05742	35.11738	
1	8.381696	0.005797308	13.12214	36.00112	
1	8.429712	0.008936483	13.18613	36.88486	
1	8.477757	0.009556357	13.25012	36.88486	
1	8.526763	0.009686798	13.31336	37.76859	
1	8.576513	0.009714108	13.37601	38.45233	
1	8.626789	0.009719841	13.43824	38.93607	
1	8.677065	0.009720996	13.50047	38.93607	
1	8.727649	0.009721227	13.56245	39.2198	
1	8.778323	0.009721279	13.62435	39.30354	
1	8.828872	0.009721287	13.68636	39.18726	
1	8.87942	0.009721294	13.74837	39.18726	
1	8.930059	0.009721294	13.8103	39.27101	
1	8.980699	0.009721305	13.87223	39.27101	
1	9.031212	0.005797304	13.93427	39.15474	
1	9.081725	0.008936517	13.9963	39.15474	
1	9.132349	0.009553172	14.05827	39.23848	
1	9.182834	0.009686086	14.12033	39.12221	
1	9.233402	0.009714097	14.18233	39.20594	
1	9.283971	0.009719823	14.24432	39.20594	
1	9.334414	0.009720989	14.30641	39.08968	
1	9.384947	0.009721234	14.36843	39.17341	
1	9.435354	0.009721283	14.43055	39.05715	
1	9.485762	0.009721287	14.49267	39.05715	
1	9.53626	0.009721294	14.55472	39.14089	
1	9.586632	0.005797293	14.61687	39.02462	
1	9.637094	0.008936491	14.67895	39.10835	
1	9.687556	0.009564359	14.74102	39.10835	
1	9.737893	0.009689823	14.8032	38.99209	
1	9.788321	0.009714972	14.86531	39.07582	
1	9.838622	0.009719994	14.92751	38.95956	
1	9.888924	0.00972103	14.98972	38.95956	
1	9.939316	0.009721234	15.05185	39.04329	
1	9.989582	0.009721283	15.11409	38.92703	
1	10.03994	0.00972129	15.17625	39.01077	
1	10.0903	0.00972129	15.23841	39.01077	
1	10.14053	0.00972129	15.30068	38.8945	
1	10.19085	0.009721298	15.36287	38.97824	
1	10.24104	0.009721301	15.42516	38.86197	
1	10.29124	0.0057973	15.48746	38.86197	
1	10.34153	0.008936498	15.54968	38.94571	
1	10.39169	0.009564284	15.612	38.82944	
1	10.44194	0.009689849	15.67425	38.91318	
1	10.49206	0.009714972	15.7366	38.79692	
1	10.54228	0.009720024	15.79887	38.88065	
1	10.59249	0.009721041	15.86115	38.88065	
1	10.64258	0.009721242	15.92353	38.76438	
1	10.69277	0.009721283	15.98583	38.84812	
1	10.74282	0.00972129	16.04824	38.73185	
1	10.79296	0.00972129	16.11057	38.81559	
1	10.84298	0.009721305	16.17301	38.69933	
1	10.893	0.005797308	16.23544	38.69933	
1	10.94291	0.008936509	16.29797	38.59739	
1	10.99274	0.009553351	16.36057	38.51368	
1	11.04249	0.009684514	16.42322	38.44817	
1	11.09219	0.009713568	16.48592	38.40088	
1	11.14185	0.0097197	16.54864	38.37178	
1	11.19151	0.009720977	16.61136	38.37178	
1	11.24116	0.009721238	16.67409	38.36091	
1	11.29082	0.009721287	16.73681	38.36824	
1	11.3405	0.009721294	16.79951	38.39379	
1	11.39019	0.009721294	16.86221	38.39379	
1	11.43992	0.009721294	16.92487	38.43754	
1	11.48972	0.009721287	16.98748	38.4995	
1	11.53961	0.009721294	17.05002	38.57967	
1	11.5895	0.009721294	17.11256	38.57967	
1	11.63949	0.009721287	17.17501	38.67805	
1	11.68962	0.009721283	17.23737	38.79464	
1	11.73989	0.00972129	17.2996	38.92945	
1	11.79015	0.009721294	17.36183	38.92945	
1	11.84061	0.005797297	17.42391	39.10474	
1	11.89131	0.008936405	17.48579	39.32825	
1	11.94232	0.009564344	17.54743	39.60776	
1	11.99332	0.009689912	17.60906	39.60776	
1	12.04469	0.009714991	17.67039	39.9471	
1	12.09648	0.009720013	17.73137	40.34631	
1	12.14876	0.009721026	17.79192	40.80537	
1	12.20104	0.009721242	17.85247	40.80537	
1	12.25387	0.009721294	17.91255	41.32428	
1	12.3073	0.00972129	17.9721	41.90304	
1	12.36139	0.009721294	18.03104	42.54165	
1	12.41548	0.009721301	18.08998	42.54165	
1	12.47028	0.005797304	18.14826	43.24013	
1	12.52585	0.008936502	18.20581	43.99846	
1	12.58225	0.009562906	18.26256	44.81663	
1	12.6395	0.00968942	18.31844	45.69466	
1	12.69766	0.009714972	18.37337	46.63254	
1	12.75582	0.00972002	18.42831	46.63254	
1	12.81492	0.009721011	18.48222	47.63027	
1	12.87501	0.009721242	18.53503	48.68785	
1	12.93612	0.009721283	18.58666	49.8053	
1	12.99723	0.00972129	18.63829	49.8053	
1	13.05939	0.009721298	18.68866	50.9826	
1	13.12256	0.005797297	18.73773	52.15989	
1	13.18674	0.008936495	18.7855	53.33718	
1	13.25092	0.009551216	18.83327	53.33718	
1	13.31607	0.009685405	18.87971	54.51447	
1	13.38215	0.009713717	18.92481	55.69177	
1	13.44914	0.009719718	18.96853	56.86905	
1	13.51702	0.009720989	19.01087	58.04635	
1	13.58576	0.009721238	19.05181	59.22364	
1	13.65449	0.009721253	19.09274	59.22364	
1	13.72405	0.009721287	19.13226	60.40094	
1	13.79441	0.009721305	19.17033	61.57823	
1	13.86553	0.005797312	19.20695	62.75553	
1	13.93739	0.00893648	19.24211	63.93282	
1	14.00998	0.009551715	19.27578	65.11011	
1	14.08256	0.009685054	19.30945	65.11011	
1	14.15569	0.009713646	19.34188	66.08742	
1	14.22926	0.009719726	19.37331	66.86471	
1	14.30314	0.009720977	19.404	67.44199	
1	14.37722	0.009721234	19.4342	67.8193	
1	14.45139	0.009721283	19.46417	67.99659	
1	14.52556	0.009721287	19.49415	67.99659	
1	14.59972	0.009721287	19.52415	67.97388	
1	14.67398	0.009721294	19.55392	68.15117	
1	14.74822	0.009721294	19.58372	68.12846	
1	14.82255	0.009721294	19.61329	68.30576	
1	14.89687	0.00972129	19.6429	68.28307	
1	14.9712	0.005797289	19.6725	68.28307	
1	15.04561	0.008936487	19.70187	68.46034	
1	15.12002	0.00955287	19.73126	68.43764	
1	15.19452	0.009684827	19.76044	68.61494	
1	15.269	0.009713661	19.78964	68.59223	
1	15.34357	0.00971967	19.81861	68.76952	
1	15.41814	0.00972097	19.84757	68.76952	
1	15.4927	0.009721231	19.87657	68.74681	
1	15.56735	0.009721283	19.90534	68.92411	
1	15.64209	0.009721287	19.93386	69.11961	
1	15.71695	0.009721298	19.96208	69.3372	
1	15.79192	0.005797297	19.99	69.57687	
1	15.86689	0.008936502	20.01792	69.57687	
1	15.942	0.009559184	20.0455	69.83862	
1	16.01724	0.009688266	20.0727	70.12246	
1	16.09262	0.00971463	20.0995	70.42838	
1	16.16815	0.00971996	20.12586	70.75639	
1	16.24384	0.009721026	20.15177	71.10648	
1	16.31953	0.009721246	20.17768	71.10648	
1	16.39538	0.00972129	20.20309	71.47865	
1	16.47141	0.009721298	20.22798	71.87292	
1	16.54762	0.009721298	20.25232	72.28926	
1	16.62383	0.005797297	20.27666	72.28926	
1	16.70022	0.008936498	20.30041	72.72768	
1	16.77679	0.009561136	20.32356	73.16611	
1	16.85354	0.00968615	20.34614	73.60453	
1	16.93029	0.009713922	20.36872	73.60453	
1	17.00721	0.009719789	20.39072	74.04296	
1	17.08429	0.009721	20.41212	74.48138	
1	17.16154	0.009721242	20.43293	74.91982	
1	17.23894	0.009721275	20.45316	75.35825	
1	17.31649	0.009721294	20.47278	75.79667	
1	17.39405	0.009721298	20.49241	75.79667	
1	17.47175	0.009721298	20.51145	76.2351	
1	17.54959	0.005797297	20.52989	76.67352	
1	17.62758	0.008936491	20.54773	77.11194	
1	17.7057	0.00956377	20.56498	77.55038	
1	17.78395	0.009689353	20.58162	77.9888	
1	17.8622	0.009714648	20.59827	77.9888	
1	17.94052	0.009719867	20.6146	78.22723	
1	18.01884	0.009720977	20.63087	78.26566	
1	18.09713	0.009721223	20.64736	78.10409	
1	18.17542	0.009721275	20.66379	78.1425	
1	18.25367	0.009721294	20.68045	77.98094	
1	18.33191	0.005797297	20.69711	77.98094	
1	18.41017	0.008936487	20.71372	78.01936	
1	18.48838	0.009564195	20.73055	77.85779	
1	18.5666	0.009689946	20.74732	77.8962	
1	18.64478	0.00971511	20.76431	77.73464	
1	18.72297	0.009720065	20.78126	77.77306	
1	18.80115	0.009721041	20.7982	77.77306	
1	18.87935	0.009721205	20.81509	77.81149	
1	18.95756	0.009721264	20.8319	77.86909	
1	19.0358	0.009721287	20.8486	77.94975	
1	19.11407	0.009721301	20.86516	78.05346	
1	19.19237	0.005797304	20.88155	78.18024	
1	19.27068	0.008936472	20.89793	78.18024	
1	19.34903	0.00956317	20.91412	78.33004	
1	19.42742	0.009689521	20.93007	78.50291	
1	19.50587	0.009714965	20.94574	78.69882	
1	19.58438	0.009720016	20.96112	78.9178	
1	19.66295	0.009721022	20.97616	79.15982	
1	19.74152	0.009721238	20.99121	79.15982	
1	19.82017	0.009721279	21.00589	79.42489	
1	19.89888	0.00972129	21.02018	79.71302	
1	19.97759	0.009721294	21.03446	79.71302	
1	20.05631	0.009721283	21.04875	79.71302	
1	20.1351	0.00972129	21.06261	80.0242	
1	20.21397	0.009721298	21.07601	80.35843	
1	20.29292	0.005797297	21.08891	80.71571	
1	20.37188	0.008936491	21.10182	80.71571	
1	20.45091	0.009564057	21.1142	81.09605	
1	20.53003	0.009690095	21.12603	81.49943	
1	20.60924	0.009715114	21.13726	81.92587	
1	20.68845	0.009720027	21.1485	81.92587	
1	20.76774	0.009721026	21.15911	82.37538	
1	20.84711	0.009721231	21.16911	82.82487	
1	20.92656	0.009721294	21.17847	83.27436	
1	21.00608	0.005797304	21.18722	83.72386	
1	21.08567	0.008936495	21.19534	84.17336	
1	21.16526	0.00956396	21.20346	84.17336	
1	21.2449	0.009689774	21.21095	84.62285	
1	21.32461	0.00971498	21.21782	85.07235	
1	21.40436	0.00972002	21.22407	85.52184	
1	21.48416	0.00972103	21.22969	85.97133	
1	21.56399	0.009721246	21.23497	86.22083	
1	21.64382	0.009721287	21.24024	86.22083	
1	21.72365	0.009721294	21.24544	86.27032	
1	21.80346	0.005797293	21.25086	86.1198	
1	21.88328	0.008936498	21.2562	86.1693	
1	21.9631	0.009558566	21.26174	86.0188	
1	22.04291	0.009688135	21.26723	86.0683	
1	22.12272	0.009714566	21.27271	86.0683	
1	22.20254	0.009719938	21.27813	86.1205	
1	22.28236	0.009721015	21.28346	86.1793	
1	22.36219	0.009721242	21.2887	86.24469	
1	22.44203	0.009721279	21.29384	86.31667	
1	22.52187	0.00972129	21.29887	86.39523	
1	22.60171	0.009721301	21.3039	86.39523	
1	22.68156	0.005797304	21.30881	86.48037	
1	22.76142	0.008936513	21.3136	86.56553	
1	22.84127	0.00955553	21.31853	86.45068	
1	22.92113	0.009686213	21.32336	86.53584	
1	23.00097	0.00971394	21.32836	86.42099	
1	23.08082	0.009719796	21.33335	86.42099	
1	23.16067	0.009720992	21.33822	86.50614	
1	23.24051	0.009721234	21.34326	86.39129	
1	23.32036	0.009721287	21.34818	86.47646	
1	23.40021	0.009721283	21.35309	86.47646	
1	23.48005	0.00972129	21.35817	86.36162	
1	23.55989	0.005797289	21.36313	86.44676	
1	23.63973	0.008936424	21.36825	86.33191	
1	23.71957	0.009565059	21.37325	86.41705	
1	23.7994	0.009690423	21.37841	86.30222	
1	23.87924	0.00971517	21.38357	86.30222	
1	23.95908	0.009720072	21.38861	86.38737	
1	24.03891	0.009721048	21.39381	86.27252	
1	24.11875	0.009721246	21.3989	86.35767	
1	24.19857	0.009721283	21.40414	86.24283	
1	24.27841	0.009721301	21.40926	86.32799	
1	24.35825	0.0057973	21.41438	86.32799	
1	24.43807	0.008936487	21.41967	86.21314	
1	24.5179	0.009564973	21.42484	86.29829	
1	24.59772	0.009690069	21.43016	86.18343	
1	24.67756	0.009715039	21.43537	86.26859	
1	24.75738	0.009720042	21.44074	86.15376	
1	24.8372	0.009721037	21.44611	86.15376	
1	24.91702	0.009721234	21.45135	86.2389	
1	24.99684	0.009721287	21.45676	86.12406	
1	25.07665	0.009721294	21.46232	86.01483	
1	25.15645	0.009721294	21.46801	85.92286	
1	25.23624	0.005797293	21.47374	85.89071	
1	25.31603	0.008936495	21.47948	85.89071	
1	25.39583	0.009564191	21.48515	85.9349	
1	25.47564	0.00968992	21.49065	86.05927	
1	25.55547	0.009715039	21.49586	86.26385	
1	25.63533	0.009720031	21.50068	86.54861	
1	25.71521	0.00972103	21.50498	86.91353	
1	25.7951	0.009721238	21.50929	86.91353	
1	25.87501	0.009721283	21.51298	87.35868	
1	25.95495	0.00972129	21.51593	87.884	
1	26.03493	0.009721298	21.51804	88.48952	
1	26.11492	0.005797297	21.51919	89.17523	
1	26.19492	0.008936495	21.51928	89.94113	
1	26.27492	0.009564072	21.51936	89.94113	
1	26.35491	0.009689804	21.51826	90.78721	
1	26.43488	0.009715013	21.51587	91.71349	
1	26.51479	0.009720042	21.51208	92.71706	
1	26.59461	0.009721044	21.50681	93.77562	
1	26.67433	0.009721242	21.50006	94.83419	
1	26.75404	0.009721279	21.49332	94.83419	
1	26.83365	0.009721287	21.48539	95.69277	
1	26.91316	0.009721294	21.47654	96.35134	
1	26.99259	0.009721294	21.46705	96.80991	
1	27.07199	0.009721301	21.45721	97.06849	
1	27.15137	0.0057973	21.44728	97.12706	
1	27.23075	0.008936498	21.43736	97.12706	
1	27.31016	0.009564359	21.42763	96.98563	
1	27.38955	0.009690166	21.41781	97.04422	
1	27.46897	0.009715147	21.4082	96.90279	
1	27.54839	0.009720068	21.39858	96.90279	
1	27.6278	0.009721044	21.38889	96.96135	
1	27.70724	0.009721242	21.37939	96.81993	
1	27.78666	0.009721287	21.36981	96.87852	
1	27.86611	0.00972129	21.36042	96.73708	
1	27.94554	0.009721294	21.35096	96.79565	
1	28.02498	0.009721294	21.34149	96.79565	
1	28.10444	0.009721294	21.33222	96.65423	
1	28.18389	0.009721294	21.32287	96.7128	
1	28.26336	0.005797293	21.31371	96.57137	
1	28.34286	0.008936502	21.30474	96.43751	
1	28.42237	0.009563651	21.29594	96.31506	
1	28.50189	0.009687763	21.28713	96.31506	
1	28.58142	0.009713996	21.27849	96.20407	
1	28.66097	0.009719729	21.26998	96.10448	
1	28.74053	0.009720966	21.26159	96.01633	
1	28.82009	0.00972122	21.25321	96.01633	
1	28.89966	0.009721272	21.24493	95.93962	
1	28.97924	0.009721294	21.23674	95.87434	
1	29.05883	0.005797297	21.22863	95.82049	
1	29.13841	0.008936495	21.22052	95.82049	
1	29.21801	0.009563826	21.21245	95.78289	
1	29.2976	0.009689327	21.20441	95.76547	
1	29.3772	0.009714838	21.19637	95.76819	
1	29.45679	0.009719986	21.1883	95.79493	
1	29.53638	0.009721007	21.18015	95.84568	
1	29.61596	0.009721234	21.172	95.84568	
1	29.69553	0.009721283	21.16374	95.92432	
1	29.77509	0.009721294	21.15534	96.03087	
1	29.85463	0.009721294	21.14675	96.16531	
1	29.93414	0.005797293	21.13793	96.32764	
1	30.01362	0.008936495	21.12885	96.51788	
1	30.09311	0.009564236	21.11977	96.51788	
1	30.17255	0.009689726	21.11038	96.73601	
1	30.25196	0.009714901	21.10065	96.98202	
1	30.33132	0.009719998	21.09055	97.25594	
1	30.41063	0.009721041	21.08003	97.55773	
1	30.48987	0.009721246	21.06905	97.88744	
1	30.56911	0.009721294	21.05807	97.88744	
1	30.64828	0.009721298	21.0466	98.24505	
1	30.72738	0.005797297	21.03459	98.63053	
1	30.80639	0.008936457	21.02202	99.04391	
1	30.88529	0.009564988	21.00884	99.48519	
1	30.96409	0.009690125	20.99501	99.95436	
1	31.04288	0.009715077	20.98118	99.95436	
1	31.12156	0.009720057	20.96667	100.4514	
1	31.20009	0.009721048	20.95144	100.9764	
1	31.27848	0.009721246	20.93545	101.5293	
1	31.35671	0.009721264	20.9187	102.0821	
1	31.43477	0.009721287	20.90121	102.635	
1	31.51283	0.009721287	20.88371	102.635	
1	31.59072	0.009721287	20.86545	103.1878	
1	31.66843	0.009721279	20.84645	103.7407	
1	31.74596	0.009721294	20.8267	104.2935	
1	31.82329	0.009721301	20.8062	104.8464	
1	31.90042	0.005797304	20.78496	105.3993	
1	31.97754	0.008936495	20.76371	105.3993	
1	32.05445	0.009564161	20.74168	105.9839	
1	32.13111	0.009689856	20.71883	106.6003	
1	32.20753	0.009715009	20.69515	107.2167	
1	32.28395	0.009720039	20.67147	107.2167	
1	32.3601	0.009721044	20.64697	107.8331	
1	32.43599	0.009721246	20.62165	108.4495	
1	32.5116	0.009721283	20.59552	109.0659	
1	32.58722	0.009721298	20.56938	109.0659	
1	32.66254	0.009721298	20.54244	109.6823	
1	32.73757	0.005797297	20.51468	110.2987	
1	32.81216	0.008980345	20.48612	110.915	
1	32.88654	0.01008346	20.45674	111.5314	
1	32.96062	0.01038772	20.42653	112.1478	
1	33.0347	0.0105908	20.39628	112.1478	
1	33.10846	0.01058391	20.36525	112.7642	
1	33.18192	0.0103913	20.33347	113.3806	
1	33.255	0.01022213	20.30085	113.997	
1	33.32808	0.009866204	20.2683	113.997	
1	33.40081	0.005587224	20.23497	114.6134	
1	33.47318	0.008893702	20.20087	115.2298	
1	33.54519	0.009551514	20.16596	115.8462	
1	33.61718	0.009686958	20.13108	115.8462	
1	33.6888	0.009714365	20.09543	116.4626	
1	33.76003	0.009719901	20.05902	117.079	
1	33.83087	0.009721018	20.02184	117.6954	
1	33.9013	0.009721246	19.98389	118.3118	
1	33.97132	0.009721279	19.9452	118.9282	
1	34.04134	0.009721283	19.9065	118.9282	
1	34.11094	0.009721287	19.86705	119.5445	
1	34.1801	0.009721305	19.82686	120.1609	
1	34.24881	0.005797308	19.78588	120.8178	
1	34.31751	0.008936498	19.74489	120.8178	
1	34.38571	0.009564336	19.70307	121.5191	
1	34.45335	0.00968973	19.66036	122.2646	
1	34.5204	0.00971479	19.61673	123.0546	
1	34.58681	0.009719953	19.57212	123.8889	
1	34.65253	0.009721011	19.5265	124.7676	
1	34.71825	0.009721238	19.48088	124.7676	
1	34.78326	0.009721283	19.43426	125.6462	
1	34.84755	0.00972129	19.38664	126.5249	
1	34.91106	0.00972129	19.338	127.4518	
1	34.97378	0.00972129	19.28833	128.3787	
1	35.03568	0.00972129	19.23765	129.3056	
1	35.09758	0.009721298	19.18697	129.3056	
1	35.15865	0.0057973	19.1353	130.2325	
1	35.21888	0.008936513	19.08265	131.1594	
1	35.27825	0.009559207	19.02902	132.0863	
1	35.33675	0.009688661	18.97444	133.0132	
1	35.39435	0.00971473	18.91893	133.9401	
1	35.45196	0.00971996	18.86341	133.9401	
1	35.50866	0.009721018	18.80698	134.867	
1	35.56443	0.009721246	18.74963	135.7939	
1	35.61928	0.009721283	18.69139	136.7208	
1	35.67317	0.00972129	18.63227	137.6477	
1	35.7261	0.009806648	18.57228	138.5746	
1	35.77903	0.009804569	18.51229	138.5746	
1	35.83119	0.009806655	18.45164	139.3015	
1	35.88279	0.009802397	18.3905	139.8284	
1	35.93404	0.009806722	18.32908	140.1553	
1	35.98516	0.009797722	18.26754	140.2822	
1	36.03636	0.005830374	18.20606	140.2091	
1	36.08756	0.008942451	18.14459	140.2091	
1	36.13863	0.009555597	18.08301	140.336	
1	36.18976	0.00968761	18.02149	140.2629	
1	36.24077	0.009714492	17.95986	140.3898	
1	36.29185	0.009719927	17.89829	140.3167	
1	36.3428	0.009721018	17.83661	140.4436	
1	36.39374	0.009721238	17.77493	140.4436	
1	36.44477	0.009721279	17.71332	140.3705	
1	36.49566	0.009721287	17.65159	140.4974	
1	36.54662	0.009721301	17.58993	140.4243	
1	36.59759	0.005797304	17.52826	140.4243	
1	36.64842	0.008936491	17.46649	140.5512	
1	36.69933	0.009564321	17.40478	140.4781	
1	36.75011	0.009689879	17.34295	140.605	
1	36.80088	0.009715013	17.28113	140.605	
1	36.8515	0.009720031	17.21918	140.7492	
1	36.90194	0.009721037	17.15708	140.9144	
1	36.95216	0.009721242	17.09482	141.1085	
1	37.00239	0.009721283	17.03255	141.1085	
1	37.05237	0.00972129	16.97008	141.3354	
1	37.10207	0.00972129	16.90739	141.595	
1	37.15145	0.009721298	16.84445	141.8873	
1	37.20082	0.005797297	16.7815	141.8873	
1	37.24984	0.008936483	16.71828	142.2124	
1	37.29846	0.009564009	16.65475	142.5702	
1	37.34665	0.009689692	16.59089	142.9607	
1	37.39484	0.009714931	16.52704	142.9607	
1	37.44255	0.009720009	16.46283	143.384	
1	37.48975	0.009721041	16.39824	143.84	
1	37.5364	0.009721242	16.33324	144.3288	
1	37.58246	0.009721279	16.26783	144.8503	
1	37.62788	0.009721294	16.20198	145.4045	
1	37.67331	0.009721294	16.13612	145.4045	
1	37.71805	0.009721294	16.06981	145.9914	
1	37.76208	0.005797293	16.00301	146.6111	
1	37.80534	0.008936491	15.93571	147.2636	
1	37.84784	0.009564504	15.86793	147.916	
1	37.88955	0.00968989	15.79967	148.5684	
1	37.93127	0.009715013	15.73141	148.5684	
1	37.97221	0.009720035	15.66268	149.2209	
1	38.01236	0.009721041	15.59348	149.8733	
1	38.05173	0.009721246	15.52384	150.5257	
1	38.09109	0.009721275	15.45419	150.5257	
1	38.12966	0.009721283	15.3841	151.1782	
1	38.16767	0.009721298	15.31371	151.6306	
1	38.20537	0.0057973	15.24315	151.883	
1	38.24301	0.008936405	15.17256	151.9355	
1	38.28083	0.009564165	15.10205	151.7879	
1	38.31865	0.009689737	15.03156	151.7879	
1	38.3564	0.009714935	14.96102	151.8403	
1	38.39434	0.009720009	14.89059	151.6928	
1	38.43221	0.009721033	14.82012	151.7452	
1	38.47026	0.009721231	14.74975	151.5976	
1	38.50825	0.009721257	14.67935	151.6501	
1	38.54623	0.009721287	14.60894	151.6501	
1	38.5844	0.009721294	14.53864	151.5025	
1	38.62251	0.005797293	14.46829	151.5549	
1	38.6608	0.008936491	14.39805	151.4074	
1	38.69902	0.009564448	14.32777	151.4598	
1	38.73743	0.009689905	14.25759	151.3122	
1	38.77583	0.009715047	14.18741	151.3122	
1	38.81417	0.009720046	14.1172	151.3647	
1	38.85269	0.009721044	14.04708	151.2171	
1	38.89114	0.009721242	13.97693	151.2695	
1	38.92978	0.009721287	13.90688	151.122	
1	38.96835	0.009721294	13.83679	151.1744	
1	39.00692	0.009721294	13.7667	151.1744	
1	39.04543	0.009721294	13.69658	151.2269	
1	39.08385	0.009721301	13.62641	151.2956	
1	39.12216	0.0057973	13.55618	151.3844	
1	39.16034	0.008936461	13.48588	151.4934	
1	39.19836	0.009565506	13.4155	151.6226	
1	39.23639	0.009690359	13.34512	151.6226	
1	39.27422	0.009715024	13.27463	151.7719	
1	39.31185	0.009720039	13.20403	151.9413	
1	39.34925	0.009721041	13.13331	152.1309	
1	39.38664	0.009721246	13.06259	152.1309	
1	39.42378	0.00972129	12.99173	152.3406	
1	39.46063	0.009721294	12.92072	152.5705	
1	39.49717	0.00972129	12.84956	152.8205	
1	39.53371	0.009721294	12.77839	152.8205	
1	39.56992	0.005797297	12.70706	153.0907	
1	39.60612	0.008936491	12.63572	153.0907	
1	39.64197	0.009564135	12.5642	153.381	
1	39.67743	0.009689867	12.49248	153.6915	
1	39.71247	0.009715028	12.42056	154.0221	
1	39.74751	0.009720046	12.34865	154.0221	
1	39.78211	0.009721056	12.27652	154.3729	
1	39.81624	0.009721249	12.20417	154.7438	
1	39.84988	0.00972129	12.13158	155.1349	
1	39.88302	0.00972129	12.05877	155.5259	
1	39.91567	0.009721298	11.98573	155.917	
1	39.94831	0.009721298	11.9127	155.917	
1	39.98046	0.009721298	11.83944	156.308	
1	40.0121	0.005797297	11.76596	156.6991	
1	40.04325	0.008936498	11.69228	157.0902	
1	40.07389	0.009565245	11.61838	157.4812	
1	40.10402	0.009690098	11.54427	157.8723	
1	40.13416	0.009715118	11.47016	157.8723	
1	40.16378	0.009720083	11.39585	158.2633	
1	40.1929	0.009721022	11.32134	158.6544	
1	40.22151	0.009721231	11.24663	159.0455	
1	40.24961	0.009721279	11.17173	159.4365	
1	40.2772	0.00972129	11.09663	159.8276	
1	40.30479	0.009721298	11.02154	159.8276	
1	40.33186	0.009721301	10.94626	160.2186	
1	40.35842	0.005797304	10.8708	160.6097	
1	40.38446	0.008936428	10.79516	161.0008	
1	40.40998	0.009563304	10.71933	161.3918	
1	40.43499	0.009689521	10.64334	161.7829	
1	40.46	0.009714942	10.56735	161.7829	
1	40.48449	0.00972002	10.49119	162.1739	
1	40.50846	0.009721033	10.41487	162.565	
1	40.53218	0.009721242	10.33846	162.756	
1	40.55591	0.009721287	10.26206	162.7471	
1	40.57938	0.00972129	10.18559	162.9382	
1	40.60285	0.009721301	10.10911	162.9382	
1	40.62634	0.005797304	10.03263	162.9292	
1	40.64956	0.008936413	9.956078	163.1203	
1	40.6728	0.00956415	9.879523	163.1114	
1	40.69579	0.009689793	9.802896	163.3024	
1	40.71879	0.009715006	9.726273	163.2935	
1	40.74179	0.009720042	9.64965	163.2935	
1	40.76453	0.009721048	9.57295	163.4845	
1	40.78728	0.009721246	9.496255	163.4756	
1	40.80978	0.009721279	9.419483	163.6666	
1	40.83228	0.009721287	9.342711	163.6666	
1	40.85479	0.00972129	9.265944	163.6577	
1	40.87705	0.005797293	9.189101	163.8488	
1	40.89931	0.008936487	9.112262	163.8398	
1	40.92158	0.009563942	9.035422	163.8398	
1	40.94359	0.009689763	8.95851	164.0309	
1	40.96561	0.009714983	8.881601	164.0219	
1	40.98738	0.009720031	8.804619	164.213	
1	41.00915	0.009721037	8.727636	164.213	
1	41.03065	0.009721238	8.650581	164.4041	
1	41.05188	0.009721264	8.573449	164.6133	
1	41.0728	0.00972129	8.496231	164.8447	
1	41.09371	0.009721298	8.419013	164.8447	
1	41.11428	0.0057973	8.341703	165.0981	
1	41.13449	0.008936442	8.264296	165.3736	
1	41.15429	0.009564139	8.186778	165.6712	
1	41.17365	0.009689782	8.109157	165.9909	
1	41.19256	0.009714946	8.031422	166.3327	
1	41.21146	0.009720027	7.953687	166.3327	
1	41.22987	0.009721041	7.875834	166.6966	
1	41.24828	0.009721242	7.79798	166.6966	
1	41.26669	0.009721283	7.720127	166.6966	
1	41.28457	0.00972129	7.642152	167.0825	
1	41.30246	0.00972129	7.564177	167.0825	
1	41.31978	0.00972129	7.486076	167.4905	
1	41.33652	0.009721294	7.407847	167.9206	
1	41.35327	0.009721298	7.329619	167.9206	
1	41.36942	0.009721298	7.251267	168.3507	
1	41.38499	0.009721301	7.172796	168.7809	
1	41.39996	0.005797304	7.09421	169.211	
1	41.41494	0.008936517	7.015625	169.211	
1	41.42931	0.009559445	6.936941	169.6411	
1	41.4431	0.009688713	6.85814	170.0712	
1	41.45631	0.009714745	6.779237	170.5013	
1	41.46951	0.009719994	6.700334	170.5013	
1	41.48212	0.009721044	6.621334	170.9314	
1	41.49413	0.009721242	6.542241	171.3615	
1	41.50555	0.009721279	6.463061	171.7916	
1	41.51698	0.00972129	6.383881	171.7916	
1	41.5278	0.00972129	6.304616	172.2217	
1	41.53803	0.009721294	6.225274	172.6518	
1	41.54767	0.009721301	6.145856	173.0819	
1	41.5573	0.005797304	6.066438	173.0819	
1	41.56635	0.008936495	5.98695	173.512	
1	41.57477	0.009560976	5.907404	173.9422	
1	41.58261	0.009689085	5.827791	174.3722	
1	41.59046	0.009714842	5.748177	174.3722	
1	41.59771	0.009719994	5.668506	174.8024	
1	41.60495	0.00972103	5.588835	174.8024	
1	41.6116	0.009721242	5.509111	175.2325	
1	41.61765	0.009721279	5.42934	175.6626	
1	41.6231	0.009721287	5.349526	176.0927	
1	41.62856	0.009721294	5.269712	176.0927	
1	41.63341	0.009721275	5.18986	176.5228	
1	41.63766	0.009721272	5.109973	176.9529	
1	41.64132	0.009721268	5.030056	177.383	
1	41.64497	0.009721272	4.95014	177.383	
1	41.64802	0.009721294	4.870198	177.8131	
1	41.65043	0.005797293	4.790235	178.2721	
1	41.65216	0.008936495	4.710253	178.7638	
1	41.65388	0.009564321	4.630273	178.7638	
1	41.65488	0.009689853	4.55028	179.2882	
1	41.65509	0.009715028	4.47028	179.8454	
1	41.65449	0.009720054	4.390282	180.4353	
1	41.65301	0.009721052	4.310296	181.058	
1	41.65067	0.009721246	4.23033	181.6807	
1	41.64832	0.009721279	4.150364	181.6807	
1	41.6451	0.009721283	4.070429	182.3033	
1	41.64102	0.009721272	3.990533	182.926	
1	41.63607	0.009721279	3.910686	183.5486	
1	41.63025	0.009721283	3.830898	184.1713	
1	41.62357	0.00972129	3.751178	184.7939	
1	41.61688	0.009721294	3.671458	184.7939	
1	41.60933	0.009721294	3.591815	185.4166	
1	41.60091	0.005797293	3.512259	186.0392	
1	41.59163	0.008936502	3.4328	186.6619	
1	41.58234	0.009561554	3.353342	186.6619	
1	41.5722	0.009687699	3.273989	187.2845	
1	41.56119	0.00971403	3.194751	187.9072	
1	41.54932	0.009719729	3.115636	188.5298	
1	41.5366	0.009720925	3.036654	189.1525	
1	41.52301	0.009721223	2.957816	189.7752	
1	41.50943	0.009721283	2.878977	189.7752	
1	41.49499	0.009721294	2.800291	190.3978	
1	41.4797	0.009721294	2.721766	191.0205	
1	41.46355	0.009721294	2.643412	191.6431	
1	41.44656	0.009721294	2.565238	192.2658	
1	41.42871	0.009721294	2.487254	192.8884	
1	41.41087	0.005797293	2.409269	192.8884	
1	41.39302	0.008936483	2.331285	192.8884	
1	41.37459	0.009556316	2.253439	193.3111	
1	41.35587	0.009685807	2.175663	193.5337	
1	41.33715	0.009713896	2.097884	193.5337	
1	41.31839	0.009719763	2.020113	193.5564	
1	41.29988	0.009720989	1.942284	193.379	
1	41.28134	0.009721227	1.864463	193.4017	
1	41.26303	0.009721279	1.786584	193.2244	
1	41.2447	0.00972129	1.708713	193.247	
1	41.22637	0.005797293	1.630841	193.247	
1	41.20828	0.008936413	1.552914	193.0697	
1	41.19016	0.009564579	1.474992	193.0923	
1	41.17229	0.009690009	1.397015	192.915	
1	41.15438	0.009715032	1.319046	192.9376	
1	41.13671	0.009720009	1.241022	192.7603	
1	41.11904	0.00972103	1.162997	192.7603	
1	41.10134	0.009721246	1.08498	192.7829	
1	41.08388	0.009721283	1.006908	192.6056	
1	41.06639	0.00972129	0.9288437	192.6283	
1	41.04914	0.009721294	0.8507252	192.4509	
1	41.03186	0.005797293	0.7726135	192.4736	
1	41.01458	0.008936502	0.6945019	192.4736	
1	40.99754	0.009562012	0.616338	192.2962	
1	40.98047	0.009687483	0.5381813	192.3189	
1	40.96364	0.009713966	0.4599712	192.1415	
1	40.94678	0.009719726	0.3817675	192.1642	
1	40.93017	0.009720966	0.3035119	191.9868	
1	40.91355	0.009721223	0.2252562	191.9868	
1	40.8969	0.009721275	0.1470072	192.0095	
1	40.8805	0.009721294	0.06870697	191.8321	
1	40.86407	0.009721298	-0.009586751	191.8548	
1	40.84787	0.005797297	-0.08793096	191.6774	
1	40.83165	0.008936498	-0.1662688	191.7001	
1	40.81542	0.009563483	-0.2446044	191.7001	
1	40.79943	0.009689469	-0.3229917	191.5228	
1	40.78342	0.00971476	-0.4013727	191.5454	
1	40.76765	0.009719957	-0.4798031	191.3681	
1	40.75185	0.009721026	-0.5582274	191.3907	
1	40.7363	0.009721231	-0.6367002	191.2134	
1	40.72074	0.009721283	-0.7151729	191.2134	
1	40.70515	0.009721294	-0.7936396	191.236	
1	40.68981	0.009721294	-0.8721541	191.0587	
1	40.67443	0.005797293	-0.9506626	191.0813	
1	40.6593	0.008936491	-1.029218	190.904	
1	40.64438	0.009564228	-1.107814	190.7468	
1	40.62946	0.009689841	-1.186411	190.7468	
1	40.61469	0.009714946	-1.265037	190.633	
1	40.60001	0.009719998	-1.343678	190.5732	
1	40.58533	0.00972103	-1.42232	190.5752	
1	40.57056	0.009721234	-1.500944	190.6391	
1	40.55562	0.009721287	-1.579537	190.7647	
1	40.54068	0.009721298	-1.658129	190.7647	
1	40.52548	0.0057973	-1.736672	190.9521	
1	40.50994	0.008936409	-1.815148	191.2012	
1	40.49397	0.009563725	-1.893537	191.5122	
1	40.47749	0.009689715	-1.971822	191.885	
1	40.46042	0.00971495	-2.04998	192.3195	
1	40.44335	0.009720031	-2.128138	192.3195	
1	40.4256	0.009721044	-2.206145	192.8159	
1	40.4071	0.009721238	-2.283975	193.374	
1	40.38779	0.009721275	-2.361612	193.962	
1	40.36769	0.009721301	-2.439046	194.5499	
1	40.34707	0.005797308	-2.516342	194.9379	
1	40.32645	0.008936498	-2.593639	194.9379	
1	40.30556	0.009557363	-2.670863	195.1258	
1	40.28469	0.009686243	-2.748095	195.1138	
1	40.26358	0.009714156	-2.825258	195.3018	
1	40.24248	0.009719849	-2.902422	195.3018	
1	40.22138	0.009721011	-2.979591	195.2897	
1	40.20003	0.009721234	-3.05669	195.4777	
1	40.1787	0.009721279	-3.133793	195.4657	
1	40.15737	0.009721294	-3.210896	195.4657	
1	40.13578	0.009721298	-3.287929	195.6536	
1	40.11421	0.009721268	-3.364966	195.6416	
1	40.09239	0.009721261	-3.441932	195.8296	
1	40.07058	0.009721249	-3.518903	195.8175	
1	40.04853	0.009721287	-3.595802	196.0055	
1	40.02647	0.009721294	-3.672701	196.0055	
1	40.00443	0.009721298	-3.749604	195.9935	
1	39.9824	0.009721287	-3.826511	195.9851	
1	39.96036	0.009721294	-3.903414	195.994	
1	39.93827	0.009721298	-3.980306	196.024	
1	39.9161	0.009721298	-4.05717	196.0954	
1	39.89392	0.005797297	-4.134034	196.0954	
1	39.87158	0.008936498	-4.210853	196.2122	
1	39.84901	0.009560943	-4.287603	196.3782	
1	39.82616	0.009688027	-4.36427	196.5934	
1	39.80296	0.009714376	-4.440832	196.8578	
1	39.77935	0.00971986	-4.517266	197.1714	
1	39.75573	0.009721	-4.5937	197.1714	
1	39.73163	0.009721223	-4.669983	197.5341	
1	39.70698	0.009721275	-4.74609	197.9461	
1	39.68172	0.009721287	-4.821997	198.4073	
1	39.65578	0.009721287	-4.897676	198.9177	
1	39.6291	0.009721294	-4.973098	199.4773	
1	39.60243	0.009721298	-5.04852	199.4773	
1	39.57495	0.009721298	-5.123654	200.0861	
1	39.54662	0.005797297	-5.198468	200.7441	
1	39.51736	0.008936483	-5.272926	201.4512	
1	39.48712	0.009557799	-5.34699	202.2076	
1	39.45583	0.009686533	-5.420623	203.0132	
1	39.42456	0.009713814	-5.494256	203.0132	
1	39.39219	0.009719662	-5.567415	203.868	
1	39.35867	0.009720918	-5.640053	204.772	
1	39.32394	0.009721175	-5.712124	205.7252	
1	39.28802	0.009721238	-5.783607	206.6784	
1	39.25092	0.009721279	-5.854483	207.6315	
1	39.21382	0.009721287	-5.925359	207.6315	
1	39.17554	0.00972129	-5.995607	208.5847	
1	39.1361	0.009721298	-6.06521	209.5379	
1	39.09551	0.0057973	-6.134147	210.4911	
1	39.05378	0.008936513	-6.202398	211.4443	
1	39.01089	0.009551991	-6.269949	212.3975	
1	38.96802	0.009684637	-6.337498	212.3975	
1	38.92404	0.009713411	-6.404324	213.3507	
1	38.87895	0.00971964	-6.470408	214.3038	
1	38.83278	0.009720948	-6.535734	215.257	
1	38.78551	0.009721227	-6.600283	216.2102	
1	38.73719	0.009721279	-6.664036	217.1634	
1	38.68886	0.00972129	-6.727789	217.1634	
1	38.6397	0.009721294	-6.790901	217.9166	
1	38.58993	0.005797293	-6.853536	218.4698	
1	38.53978	0.008936498	-6.915863	218.823	
1	38.48963	0.009564318	-6.97819	218.823	
1	38.43931	0.009689979	-7.040382	218.9762	
1	38.38904	0.009715043	-7.102616	218.9293	
1	38.33861	0.009720042	-7.164715	219.0825	
1	38.28822	0.009721041	-7.226855	219.0357	
1	38.23767	0.009721234	-7.288861	219.1889	
1	38.18713	0.009721279	-7.350866	219.1889	
1	38.13663	0.009721287	-7.412913	219.1421	
1	38.08596	0.009721294	-7.474824	219.2953	
1	38.03535	0.009721294	-7.536777	219.2485	
1	37.98457	0.009721298	-7.598594	219.4016	
1	37.93378	0.005797297	-7.660411	219.4016	
1	37.883	0.008936495	-7.722229	219.4016	
1	37.83222	0.009564336	-7.784045	219.4016	
1	37.78144	0.009689897	-7.845862	219.4016	
1	37.73071	0.009715009	-7.907721	219.3548	
1	37.67999	0.009720035	-7.96958	219.3548	
1	37.62909	0.009721041	-8.031302	219.508	
1	37.57819	0.009721242	-8.093025	219.508	
1	37.52735	0.009721283	-8.15479	219.4612	
1	37.47634	0.009721294	-8.216418	219.6144	
1	37.42538	0.005797297	-8.278089	219.5676	
1	37.37425	0.008936498	-8.339622	219.7208	
1	37.32315	0.009555515	-8.401205	219.674	
1	37.27207	0.009685714	-8.462782	219.674	
1	37.22083	0.009713594	-8.52422	219.8271	
1	37.16964	0.00971961	-8.585701	219.7803	
1	37.11828	0.009720948	-8.647044	219.9335	
1	37.06698	0.009721223	-8.708429	219.8867	
1	37.01552	0.009721272	-8.769677	220.0399	
1	36.96405	0.009721287	-8.830925	220.0399	
1	36.91264	0.00972129	-8.892215	219.9931	
1	36.86106	0.00972129	-8.953367	220.1463	
1	36.80953	0.009721298	-9.014562	220.0994	
1	36.758	0.005797297	-9.075756	220.0994	
1	36.70652	0.008936491	-9.136992	220.0526	
1	36.65509	0.009563927	-9.198272	220.0058	
1	36.60371	0.009689651	-9.259592	219.959	
1	36.55238	0.00971492	-9.320954	219.9122	
1	36.5011	0.009719934	-9.382359	219.8654	
1	36.44983	0.009721	-9.443763	219.8654	
1	36.39857	0.009721234	-9.505186	219.8445	
1	36.34731	0.009721283	-9.566609	219.8445	
1	36.29601	0.009721253	-9.627992	219.8903	
1	36.24458	0.009721268	-9.689268	220.0076	
1	36.19294	0.009721287	-9.750371	220.2011	
1	36.14101	0.00972129	-9.81123	220.471	
1	36.08872	0.009721298	-9.871774	220.8172	
1	36.03643	0.009721301	-9.932318	220.8172	
1	35.98369	0.009721301	-9.992475	221.2397	
1	35.93043	0.0057973	-10.05217	221.7385	
1	35.87663	0.008936495	-10.11137	222.2643	
1	35.82227	0.009562261	-10.17009	222.7901	
1	35.76759	0.009689037	-10.22849	223.1158	
1	35.71291	0.009714771	-10.28689	223.1158	
1	35.6581	0.009719994	-10.34516	223.2416	
1	35.60337	0.009721033	-10.40351	223.1673	
1	35.54851	0.009721249	-10.46174	223.2931	
1	35.49373	0.009721283	-10.52004	223.2189	
1	35.43882	0.009721257	-10.57822	223.3446	
1	35.3839	0.009721253	-10.6364	223.3446	
1	35.32907	0.009721283	-10.69465	223.2704	
1	35.27428	0.00972129	-10.75294	223.225	
1	35.21947	0.009721298	-10.81122	223.2414	
1	35.16458	0.009721298	-10.86942	223.3235	
1	35.10954	0.005797297	-10.92747	223.4761	
1	35.0545	0.008936487	-10.98552	223.4761	
1	34.9992	0.009555813	-11.04337	223.703	
1	34.94361	0.009686749	-11.10091	224.0043	
1	34.88767	0.009714231	-11.1581	224.3665	
1	34.83133	0.009719852	-11.21489	224.775	
1	34.77455	0.009721	-11.27125	225.2113	
1	34.71777	0.00972122	-11.32761	225.2113	
1	34.66054	0.009721279	-11.38351	225.6727	
1	34.60284	0.009721294	-11.43892	226.159	
1	34.54462	0.009721301	-11.4938	226.6945	
1	34.48582	0.005797304	-11.54804	227.3064	
1	34.42633	0.008936401	-11.60153	228.042	
1	34.36684	0.009564355	-11.65502	228.042	
1	34.30655	0.009689964	-11.7076	228.9053	
1	34.24536	0.009714995	-11.75914	229.8961	
1	34.18318	0.009720013	-11.80947	231.0147	
1	34.11992	0.009721022	-11.85843	232.2609	
1	34.05552	0.009721242	-11.9059	233.6008	
1	33.99113	0.009721279	-11.95338	233.6008	
1	33.92565	0.00972129	-11.99933	234.9408	
1	33.85926	0.009721298	-12.04397	236.0807	
1	33.79215	0.005797297	-12.08752	237.0207	
1	33.72504	0.008936498	-12.13107	237.0207	
1	33.65738	0.009563338	-12.17374	237.7606	
1	33.58931	0.009687856	-12.21578	238.3006	
1	33.52099	0.009714048	-12.25741	238.6405	
1	33.45258	0.009719748	-12.29888	238.7804	
1	33.3842	0.009720962	-12.34042	238.7204	
1	33.31583	0.009721223	-12.38196	238.7204	
1	33.24736	0.009721283	-12.42333	238.8603	
1	33.17893	0.009721287	-12.46477	238.8002	
1	33.1104	0.00972129	-12.50604	238.9402	
1	33.04192	0.009721294	-12.54739	238.8801	
1	32.97333	0.009721294	-12.58857	239.0201	
1	32.90474	0.009721294	-12.62975	239.0201	
1	32.83619	0.009721294	-12.671	238.96	
1	32.76755	0.009721294	-12.71208	239.0999	
1	32.69894	0.005797293	-12.75324	239.0399	
1	32.63024	0.008936495	-12.79422	239.1798	
1	32.56157	0.009562388	-12.83528	239.1197	
1	32.49291	0.009688571	-12.87634	239.1197	
1	32.42415	0.009714574	-12.91723	239.2597	
1	32.35528	0.009719826	-12.95794	239.4159	
1	32.28627	0.009720977	-12.9984	239.6155	
1	32.21709	0.009721231	-13.03857	239.8585	
1	32.1477	0.009721283	-13.07839	240.1526	
1	32.07831	0.00972129	-13.1182	240.1526	
1	32.00868	0.009721287	-13.1576	240.5018	
1	31.93877	0.009721294	-13.1965	240.9059	
1	31.86856	0.005797293	-13.23483	241.3651	
1	31.798	0.008936457	-13.27254	241.8792	
1	31.72708	0.009566836	-13.30954	242.4484	
1	31.65615	0.009690825	-13.34654	242.4484	
1	31.58483	0.009715021	-13.38277	243.0726	
1	31.51308	0.009719912	-13.41815	243.7518	
1	31.44088	0.009721003	-13.45261	244.4861	
1	31.36821	0.00972122	-13.48607	245.2753	
1	31.29506	0.009721279	-13.51845	246.1195	
1	31.22191	0.009721298	-13.55084	246.1195	
1	31.14826	0.009721301	-13.58208	247.0188	
1	31.0741	0.0057973	-13.61208	247.973	
1	30.99942	0.008936495	-13.64077	248.9823	
1	30.92422	0.009564351	-13.66807	250.0466	
1	30.84853	0.009689923	-13.69397	251.1108	
1	30.77284	0.00971498	-13.71987	251.1108	
1	30.69668	0.009720027	-13.74436	252.1751	
1	30.62008	0.009721033	-13.76743	253.2394	
1	30.54306	0.009721234	-13.78907	254.3037	
1	30.46605	0.009721283	-13.81071	254.3037	
1	30.38864	0.009721294	-13.83092	255.368	
1	30.31087	0.009721301	-13.84969	256.4323	
1	30.23277	0.005797304	-13.86701	257.4966	
1	30.15436	0.008936487	-13.88288	258.5608	
1	30.07565	0.009557568	-13.89728	259.6251	
1	29.99696	0.009688176	-13.91169	259.6251	
1	29.91801	0.009714648	-13.92463	260.6894	
1	29.83884	0.009719964	-13.9361	261.7537	
1	29.75947	0.009721022	-13.94611	262.8179	
1	29.67996	0.009721238	-13.95491	263.6822	
1	29.60035	0.009721287	-13.96279	264.3465	
1	29.52073	0.009721287	-13.97067	264.3465	
1	29.44106	0.009721275	-13.97791	264.8108	
1	29.36136	0.009721287	-13.98478	265.075	
1	29.28165	0.009721298	-13.99155	265.1393	
1	29.20195	0.0057973	-13.99852	265.0036	
1	29.12224	0.008936442	-14.0054	265.0679	
1	29.04254	0.009563409	-14.01228	265.0679	
1	28.96285	0.009689588	-14.01935	264.9322	
1	28.88316	0.009714954	-14.02633	264.9965	
1	28.80348	0.009720027	-14.03349	264.8607	
1	28.72379	0.009721033	-14.04057	264.925	
1	28.64412	0.009721227	-14.04784	264.7893	
1	28.56445	0.009721275	-14.0551	264.7893	
1	28.48477	0.009721283	-14.06228	264.8536	
1	28.40511	0.009721287	-14.06964	264.7179	
1	28.32545	0.009721283	-14.07692	264.7821	
1	28.24579	0.009721298	-14.08438	264.6464	
1	28.16614	0.0057973	-14.09176	264.7107	
1	28.08648	0.008936498	-14.09913	264.7107	
1	28.00683	0.009563517	-14.1067	264.575	
1	27.92718	0.00968967	-14.11417	264.6393	
1	27.84755	0.009714995	-14.12184	264.5036	
1	27.76791	0.009720031	-14.12941	264.5678	
1	27.68829	0.009721037	-14.13717	264.4321	
1	27.60867	0.009721238	-14.14493	264.4321	
1	27.52903	0.009721283	-14.15261	264.4964	
1	27.44942	0.00972129	-14.16047	264.3607	
1	27.3698	0.005797293	-14.16824	264.4249	
1	27.2902	0.008936442	-14.1762	264.2892	
1	27.21059	0.00956491	-14.18407	264.3535	
1	27.13097	0.009690046	-14.19194	264.3535	
1	27.05138	0.00971505	-14.2	264.2178	
1	26.97178	0.009720042	-14.20797	264.2821	
1	26.8922	0.00972103	-14.21613	264.1463	
1	26.8126	0.009721242	-14.2242	264.2106	
1	26.73303	0.009721279	-14.23246	264.0749	
1	26.65346	0.00972129	-14.24072	264.0749	
1	26.57388	0.009721301	-14.24889	264.1392	
1	26.49431	0.005797304	-14.25725	264.0035	
1	26.41474	0.008936491	-14.26551	264.0678	
1	26.33519	0.00956269	-14.27396	263.932	
1	26.25562	0.009689514	-14.28233	263.9963	
1	26.17606	0.009714928	-14.2907	263.9963	
1	26.09652	0.00972002	-14.29926	263.8606	
1	26.01697	0.009721037	-14.30772	263.9249	
1	25.93744	0.009721231	-14.31638	263.7892	
1	25.85791	0.009721287	-14.32503	263.7892	
1	25.77837	0.009721301	-14.3336	263.8534	
1	25.69885	0.005797304	-14.34235	263.7177	
1	25.61932	0.008936476	-14.35102	263.782	
1	25.5398	0.009556334	-14.35985	263.6463	
1	25.46028	0.009686682	-14.36861	263.7105	
1	25.38076	0.009714112	-14.37738	263.7105	
1	25.30126	0.009719837	-14.38633	263.5748	
1	25.22175	0.009721	-14.39519	263.6391	
1	25.14223	0.009721234	-14.40395	263.7139	
1	25.0627	0.009721283	-14.41259	263.8039	
1	24.98315	0.009721283	-14.42107	263.9141	
1	24.9036	0.00972129	-14.42955	263.9141	
1	24.82403	0.009721301	-14.43785	264.0445	
1	24.74444	0.005797304	-14.44594	264.1988	
1	24.66483	0.008936513	-14.45378	264.3772	
1	24.5852	0.009553391	-14.4616	264.3772	
1	24.50556	0.009685401	-14.46915	264.5796	
1	24.42589	0.009713713	-14.47639	264.806	
1	24.34618	0.009719703	-14.48328	265.0565	
1	24.26645	0.009720974	-14.48979	265.3309	
1	24.18668	0.009721227	-14.49589	265.6294	
1	24.10691	0.009721279	-14.50199	265.6294	
1	24.02711	0.009721287	-14.50764	265.9519	
1	23.94728	0.005797286	-14.51279	266.3062	
1	23.86741	0.008936446	-14.5174	266.6961	
1	23.78752	0.009565819	-14.52143	267.1217	
1	23.70759	0.009690661	-14.5248	267.5829	
1	23.62766	0.009715229	-14.52818	267.5829	
1	23.54771	0.009720087	-14.53086	268.0797	
1	23.46773	0.009721056	-14.53279	268.6122	
1	23.38774	0.009721238	-14.53394	269.1803	
1	23.30774	0.009721279	-14.53424	269.7841	
1	23.22774	0.00972129	-14.53365	270.4235	
1	23.14774	0.009721294	-14.53306	270.4235	
1	23.06775	0.009721294	-14.53157	271.063	
1	22.98779	0.009721287	-14.5292	271.7024	
1	22.90786	0.009721279	-14.52593	272.3418	
1	22.82792	0.00972129	-14.52266	272.3418	
1	22.74803	0.00972129	-14.5185	272.9812	
1	22.66819	0.005797289	-14.51345	273.6206	
1	22.58841	0.008936495	-14.5075	274.26	
1	22.50863	0.009564258	-14.50157	274.26	
1	22.42893	0.009689894	-14.49474	274.8994	
1	22.34927	0.009715009	-14.48729	275.3388	
1	22.26965	0.009720039	-14.47952	275.5782	
1	22.19003	0.009721048	-14.47174	275.5782	
1	22.11042	0.009721249	-14.46391	275.6176	
1	22.03078	0.009721272	-14.4563	275.4571	
1	21.95115	0.009721294	-14.44864	275.4965	
1	21.87152	0.009721305	-14.44098	275.4965	
1	21.79186	0.005797308	-14.43354	275.3359	
1	21.71221	0.008936506	-14.42604	275.3753	
1	21.63254	0.00955705	-14.41875	275.2147	
1	21.55287	0.00968679	-14.41147	275.2147	
1	21.47321	0.009714182	-14.40414	275.2541	
1	21.39352	0.009719856	-14.39704	275.0935	
1	21.31384	0.009721007	-14.38988	275.1329	
1	21.23416	0.009721238	-14.38272	275.1329	
1	21.15446	0.009721287	-14.37579	274.9724	
1	21.07477	0.00972129	-14.3688	275.0118	
1	20.99506	0.009721298	-14.36204	274.8512	
1	20.91534	0.0057973	-14.35527	274.8512	
1	20.83563	0.008936506	-14.34845	274.8906	
1	20.75592	0.009556007	-14.34161	274.8906	
1	20.67619	0.009686515	-14.335	274.73	
1	20.59647	0.009713966	-14.32835	274.7694	
1	20.51673	0.009719804	-14.32192	274.6088	
1	20.43699	0.009720996	-14.31549	274.6088	
1	20.35725	0.009721234	-14.30901	274.6483	
1	20.2775	0.009721283	-14.30275	274.4877	
1	20.19775	0.00972129	-14.29644	274.527	
1	20.118	0.00972129	-14.29012	274.527	
1	20.03823	0.00972129	-14.28403	274.3665	
1	19.95847	0.005797293	-14.27789	274.4059	
1	19.87868	0.008936487	-14.27196	274.2453	
1	19.7989	0.009557478	-14.26601	274.2453	
1	19.7191	0.009686906	-14.26028	274.1029	
1	19.63929	0.009714276	-14.25472	273.9865	
1	19.55948	0.009719875	-14.24926	273.9125	
1	19.47967	0.009721	-14.2438	273.9125	
1	19.39985	0.009721231	-14.23837	273.8925	
1	19.32004	0.009721283	-14.2329	273.9266	
1	19.24023	0.00972129	-14.22729	274.0148	
1	19.16043	0.009721294	-14.22169	274.0148	
1	19.08064	0.009721283	-14.21589	274.1569	
1	19.00087	0.009721287	-14.20982	274.3531	
1	18.92113	0.00972129	-14.2034	274.6034	
1	18.84139	0.009721301	-14.19698	274.6034	
1	18.76168	0.005797308	-14.19014	274.9077	
1	18.68202	0.008936495	-14.18279	275.266	
1	18.60241	0.009563286	-14.17487	275.6784	
1	18.5228	0.009689547	-14.16695	275.6784	
1	18.44326	0.009714961	-14.15839	276.1448	
1	18.36372	0.009720027	-14.14983	276.1448	
1	18.28426	0.009721041	-14.14054	276.6653	
1	18.2049	0.009721246	-14.13046	277.2398	
1	18.12565	0.009721283	-14.11951	277.8684	
1	18.0464	0.00972129	-14.10856	277.8684	
1	17.96729	0.00972129	-14.09666	278.551	
1	17.88834	0.009721294	-14.08375	279.2876	
1	17.80958	0.005797293	-14.06975	280.0783	
1	17.73081	0.008936495	-14.05575	280.0783	
1	17.65226	0.009564418	-14.04059	280.923	
1	17.57396	0.009690229	-14.0242	281.8218	
1	17.49594	0.009715099	-14.00651	282.7746	
1	17.41792	0.009720016	-13.98882	282.7746	
1	17.34022	0.009721041	-13.96976	283.7814	
1	17.26289	0.009721238	-13.94927	284.8423	
1	17.18595	0.009721275	-13.92735	285.9032	
1	17.10901	0.00972129	-13.90543	285.9032	
1	17.03249	0.009721294	-13.88209	286.9641	
1	16.95642	0.009721294	-13.85733	288.025	
1	16.88082	0.009721279	-13.83117	289.0859	
1	16.80571	0.009721287	-13.80362	290.1468	
1	16.73113	0.009721283	-13.77468	291.2077	
1	16.65655	0.009721287	-13.74574	291.2077	
1	16.58241	0.009721287	-13.71568	292.0686	
1	16.50862	0.009721294	-13.68477	292.7294	
1	16.43509	0.005797297	-13.65327	293.1903	
1	16.36169	0.008936491	-13.62143	293.4512	
1	16.28833	0.009564176	-13.58951	293.5121	
1	16.21498	0.009689867	-13.5576	293.5121	
1	16.14154	0.009715009	-13.52586	293.373	
1	16.06814	0.009720054	-13.49405	293.4339	
1	15.99466	0.009721044	-13.46241	293.2948	
1	15.92118	0.009721249	-13.43077	293.2948	
1	15.84774	0.009721279	-13.39906	293.3557	
1	15.77421	0.009721264	-13.36752	293.2166	
1	15.70073	0.00972129	-13.3359	293.2775	
1	15.62724	0.009721298	-13.30429	293.2775	
1	15.55367	0.009721298	-13.27285	293.1383	
1	15.48014	0.005797297	-13.24134	293.1992	
1	15.40653	0.008936498	-13.21	293.0601	
1	15.33296	0.009564131	-13.17859	293.121	
1	15.25931	0.009689726	-13.14735	292.9819	
1	15.18566	0.009714931	-13.11611	292.9819	
1	15.11204	0.009720009	-13.0848	293.0428	
1	15.03835	0.009721037	-13.05367	292.9037	
1	14.96469	0.009721242	-13.02245	292.9646	
1	14.89103	0.009721279	-12.99124	292.9646	
1	14.81729	0.009721275	-12.96021	292.8255	
1	14.74359	0.00972129	-12.92909	292.8864	
1	14.66982	0.009721298	-12.89816	292.7473	
1	14.59607	0.009721305	-12.86715	292.8081	
1	14.52225	0.005797308	-12.83632	292.669	
1	14.44843	0.008936495	-12.80548	292.669	
1	14.37455	0.009564258	-12.7748	292.5501	
1	14.30061	0.009689894	-12.74425	292.4512	
1	14.22663	0.009715021	-12.7138	292.3726	
1	14.15262	0.009720035	-12.68343	292.3141	
1	14.07859	0.009721037	-12.6531	292.2757	
1	14.00456	0.009721223	-12.62278	292.2757	
1	13.93052	0.009721279	-12.59247	292.2574	
1	13.85648	0.009721294	-12.56217	292.2594	
1	13.78246	0.005797297	-12.53184	292.2814	
1	13.70845	0.008936487	-12.50145	292.3237	
1	13.63445	0.009564262	-12.47106	292.3237	
1	13.56048	0.009689894	-12.44059	292.386	
1	13.48655	0.009714987	-12.41002	292.4685	
1	13.41262	0.009720027	-12.37945	292.4685	
1	13.33875	0.009721041	-12.34874	292.5712	
1	13.26488	0.009721242	-12.31803	292.5712	
1	13.19107	0.009721283	-12.28717	292.694	
1	13.11734	0.009721298	-12.25612	292.8369	
1	13.0437	0.009721301	-12.22486	293	
1	12.97016	0.009721298	-12.19337	293.1833	
1	12.89673	0.0057973	-12.16161	293.3867	
1	12.82331	0.008936491	-12.12986	293.3867	
1	12.75	0.00956412	-12.09782	293.6102	
1	12.67684	0.009689983	-12.06545	293.8665	
1	12.60385	0.00971505	-12.0327	294.1652	
1	12.53106	0.009720031	-11.99951	294.5102	
1	12.45851	0.009721048	-11.9658	294.9228	
1	12.38596	0.009721242	-11.93209	294.9228	
1	12.3137	0.009721279	-11.89777	295.403	
1	12.24177	0.009721298	-11.86276	295.9507	
1	12.17021	0.009721301	-11.82699	296.5661	
1	12.09909	0.0057973	-11.79036	297.2491	
1	12.02845	0.008936498	-11.7528	297.9997	
1	11.95782	0.009563938	-11.71524	297.9997	
1	11.88773	0.009689964	-11.67667	298.8179	
1	11.81824	0.009714983	-11.63703	299.7037	
1	11.74942	0.009720027	-11.59624	300.6571	
1	11.6806	0.009721033	-11.55545	300.6571	
1	11.61252	0.009721234	-11.51344	301.6781	
1	11.54525	0.009721283	-11.47014	302.7667	
1	11.47887	0.00972129	-11.42549	303.9229	
1	11.41248	0.00972129	-11.38085	303.9229	
1	11.34707	0.00972129	-11.33479	305.1467	
1	11.28271	0.009721301	-11.28728	306.438	
1	11.21944	0.005797304	-11.23832	307.7295	
1	11.15616	0.008936502	-11.18937	307.7295	
1	11.09401	0.009562641	-11.13899	309.0208	
1	11.03301	0.009689394	-11.08724	310.3123	
1	10.97319	0.009714868	-11.03412	311.6036	
1	10.91337	0.009719998	-10.981	311.6036	
1	10.85476	0.009721041	-10.92655	312.8951	
1	10.79739	0.009721242	-10.87079	314.1864	
1	10.7413	0.009721283	-10.81375	315.4778	
1	10.6852	0.009721294	-10.75671	315.4778	
1	10.63041	0.009721298	-10.69842	316.7692	
1	10.57694	0.005797297	-10.63892	318.0606	
1	10.52483	0.008936495	-10.57822	319.352	
1	10.47271	0.009563629	-10.51752	319.352	
1	10.42198	0.009689461	-10.45566	320.6434	
1	10.37266	0.009714741	-10.39268	321.9348	
1	10.32477	0.009719927	-10.3286	323.2262	
1	10.27687	0.009721003	-10.26452	323.2262	
1	10.23044	0.009721231	-10.19937	324.5176	
1	10.18548	0.009721261	-10.1332	325.809	
1	10.14203	0.009721283	-10.06603	327.1004	
1	10.09857	0.009721294	-9.998859	327.1004	
1	10.05665	0.009721298	-9.930727	328.3918	
1	10.01602	0.0057973	-9.861809	329.4832	
1	9.976476	0.008936495	-9.792267	330.3746	
1	9.936934	0.009562861	-9.722727	330.3746	
1	9.898232	0.009689398	-9.652712	331.066	
1	9.86013	0.009714909	-9.582368	331.5574	
1	9.822386	0.00972002	-9.511831	331.8488	
1	9.784641	0.009721044	-9.441295	331.8488	
1	9.74701	0.009721249	-9.370698	331.9402	
1	9.709245	0.009721279	-9.300173	331.8316	
1	9.671592	0.009721287	-9.229588	331.923	
1	9.633939	0.00972129	-9.159002	331.923	
1	9.596152	0.009721279	-9.088489	331.8144	
1	9.558478	0.009721294	-9.017915	331.9058	
1	9.520671	0.005797293	-8.947412	331.7971	
1	9.482863	0.008936491	-8.87691	331.7971	
1	9.444921	0.009564232	-8.806474	331.6885	
1	9.406981	0.009689864	-8.736043	331.6885	
1	9.36904	0.00971498	-8.665612	331.6885	
1	9.330979	0.009720027	-8.595246	331.5914	
1	9.292813	0.009721041	-8.524938	331.5056	
1	9.254647	0.009721253	-8.454629	331.5056	
1	9.216391	0.009721298	-8.384369	331.4313	
1	9.178057	0.005797308	-8.314152	331.3684	
1	9.13966	0.008936439	-8.243969	331.317	
1	9.101263	0.009563949	-8.173779	331.317	
1	9.062818	0.009689704	-8.103623	331.277	
1	9.024337	0.009714898	-8.033486	331.2484	
1	8.985835	0.009719994	-7.963361	331.2312	
1	8.947333	0.00972103	-7.893235	331.2312	
1	8.908824	0.009721212	-7.823113	331.2255	
1	8.870322	0.009721279	-7.752988	331.2312	
1	8.831841	0.009721287	-7.682851	331.2484	
1	8.793361	0.00972129	-7.612714	331.2484	
1	8.754914	0.00972129	-7.542558	331.2769	
1	8.716522	0.009721294	-7.472372	331.3208	
1	8.678207	0.009721294	-7.402144	331.3839	
1	8.639893	0.005797293	-7.331917	331.3839	
1	8.601683	0.008936491	-7.261631	331.47	
1	8.563606	0.009564493	-7.191271	331.5791	
1	8.525699	0.009689711	-7.120823	331.7152	
1	8.487791	0.009714905	-7.050375	331.7152	
1	8.450083	0.009720013	-6.979819	331.8782	
1	8.412609	0.009721033	-6.909138	332.0681	
1	8.375403	0.009721249	-6.838316	332.285	
1	8.338198	0.009721279	-6.767495	332.285	
1	8.301293	0.009721283	-6.696515	332.5288	
1	8.264725	0.009721279	-6.625362	332.7995	
1	8.228526	0.009721294	-6.55402	333.0971	
1	8.192327	0.009721298	-6.482678	333.0971	
1	8.156534	0.0057973	-6.411132	333.4217	
1	8.121181	0.008936457	-6.339368	333.7732	
1	8.086301	0.009563979	-6.267365	334.1516	
1	8.051421	0.009689704	-6.195368	334.1516	
1	8.017052	0.009714905	-6.123128	334.5569	
1	7.983229	0.009720005	-6.05063	334.9892	
1	7.949988	0.009721037	-5.977863	335.4484	
1	7.916747	0.009721216	-5.905097	335.4484	
1	7.884125	0.009721283	-5.83205	335.9345	
1	7.852158	0.00972129	-5.758715	336.4476	
1	7.820848	0.009721294	-5.685096	336.9606	
1	7.789539	0.009721298	-5.611477	336.9606	
1	7.758891	0.009721298	-5.53758	337.4737	
1	7.728905	0.009721298	-5.463413	337.9867	
1	7.699584	0.005797297	-5.388979	338.4998	
1	7.670264	0.008936491	-5.314546	338.4998	
1	7.641609	0.009564467	-5.239851	339.0128	
1	7.613625	0.009689976	-5.164905	339.5259	
1	7.586315	0.009715006	-5.089711	340.0389	
1	7.559004	0.009720039	-5.014517	340.0389	
1	7.532368	0.009721044	-4.939081	340.552	
1	7.506409	0.009721246	-4.86341	341.065	
1	7.481128	0.009721283	-4.787509	341.5781	
1	7.455847	0.00972129	-4.711609	341.5781	
1	7.431246	0.009721294	-4.635485	342.0911	
1	7.407329	0.009721294	-4.559144	342.6042	
1	7.384095	0.005797297	-4.482592	343.1172	
1	7.360862	0.008936509	-4.40604	343.1172	
1	7.338061	0.009559404	-4.329373	343.4302	
1	7.315399	0.009688597	-4.252652	343.5433	
1	7.292619	0.009714738	-4.175963	343.4563	
1	7.26984	0.009719972	-4.099275	343.4563	
1	7.247211	0.009721026	-4.022542	343.5694	
1	7.224467	0.009721242	-3.945843	343.4825	
1	7.201722	0.00972129	-3.869145	343.4825	
1	7.178977	0.009721298	-3.792446	343.4825	
1	7.156233	0.009721301	-3.715748	343.4825	
1	7.133488	0.009721298	-3.639049	343.4825	
1	7.110895	0.009721287	-3.562306	343.5955	
1	7.088301	0.009721268	-3.485563	343.5955	
1	7.065591	0.009721283	-3.408854	343.5085	
1	7.043033	0.009721298	-3.3321	343.6216	
1	7.020358	0.009721301	-3.255381	343.5346	
1	6.997683	0.0057973	-3.178661	343.5346	
1	6.97516	0.008936495	-3.101897	343.6477	
1	6.952532	0.009559698	-3.025187	343.5607	
1	6.930046	0.00968818	-2.948414	343.6738	
1	6.907558	0.009714644	-2.87164	343.6738	
1	6.884953	0.009719964	-2.7949	343.5868	
1	6.8625	0.009721026	-2.718116	343.6999	
1	6.83993	0.009721242	-2.641365	343.6129	
1	6.817359	0.009721279	-2.564615	343.6129	
1	6.794941	0.009721287	-2.48782	343.726	
1	6.772406	0.009721298	-2.41106	343.639	
1	6.750022	0.009721298	-2.334255	343.752	
1	6.727639	0.005797297	-2.25745	343.752	
1	6.705139	0.00893642	-2.180679	343.6651	
1	6.682786	0.009564929	-2.10386	343.7781	
1	6.660318	0.00968999	-2.027077	343.6912	
1	6.637853	0.009715013	-1.950296	343.6912	
1	6.61554	0.009720042	-1.873471	343.8043	
1	6.593109	0.009721037	-1.79668	343.7173	
1	6.57083	0.009721238	-1.719845	343.8304	
1	6.548552	0.009721279	-1.643009	343.8304	
1	6.526156	0.009721287	-1.566208	343.7434	
1	6.503645	0.009721294	-1.489441	343.6564	
1	6.48104	0.009721298	-1.412701	343.5867	
1	6.458435	0.005797297	-1.335961	343.5867	
1	6.43576	0.008936491	-1.259242	343.5343	
1	6.413044	0.009563547	-1.182541	343.4991	
1	6.390322	0.00968973	-1.105837	343.4991	
1	6.367575	0.009714983	-1.029139	343.4811	
1	6.344828	0.009720031	-0.9524415	343.4803	
1	6.322102	0.009721044	-0.8757372	343.4968	
1	6.299427	0.009721246	-0.799018	343.5344	
1	6.276752	0.009721287	-0.7222987	343.5344	
1	6.254183	0.009721301	-0.6455482	343.6135	
1	6.23178	0.005797308	-0.568749	343.7379	
1	6.20961	0.008936413	-0.4918824	343.9115	
1	6.18744	0.00956418	-0.4150097	343.9115	
1	6.165575	0.009689789	-0.338055	344.1381	
1	6.144085	0.009714957	-0.2609955	344.4179	
1	6.123044	0.009719979	-0.1838123	344.7507	
1	6.102003	0.009721033	-0.1066291	344.7507	
1	6.081481	0.009721242	-0.02930588	345.1366	
1	6.061553	0.009721283	0.04817227	345.5756	
1	6.042291	0.00972129	0.1258187	346.0676	
1	6.023028	0.009721298	0.2034652	346.0676	
1	6.004506	0.009721298	0.2812914	346.6127	
1	5.986796	0.005797297	0.3593067	347.2109	
1	5.969975	0.008936491	0.4375183	347.8622	
1	5.953157	0.009563569	0.5157247	347.8622	
1	5.936954	0.009689078	0.5940636	348.3134	
1	5.921093	0.009714704	0.672475	348.5646	
1	5.905302	0.009719916	0.7509009	348.6159	
1	5.889511	0.009721011	0.829327	348.6159	
1	5.873517	0.009721186	0.9077119	348.4672	
1	5.857592	0.009721275	0.986111	348.5184	
1	5.841465	0.00972129	1.064469	348.3697	
1	5.825337	0.00972129	1.142826	348.3697	
1	5.809279	0.00972129	1.221198	348.4209	
1	5.793018	0.00972129	1.299528	348.2722	
1	5.776827	0.009721298	1.377872	348.3235	
1	5.760636	0.0057973	1.456217	348.3235	
1	5.74454	0.008936487	1.534581	348.3929	
1	5.72857	0.009564158	1.612971	348.4845	
1	5.712754	0.00969002	1.691393	348.5981	
1	5.696939	0.009715073	1.769815	348.5981	
1	5.68131	0.009720031	1.848273	348.7338	
1	5.665896	0.009721041	1.926774	348.8916	
1	5.65073	0.009721242	2.005324	349.0715	
1	5.635563	0.009721279	2.083873	349.0715	
1	5.620707	0.009721287	2.162481	349.2977	
1	5.606258	0.009721294	2.241166	349.5954	
1	5.592355	0.009721294	2.319948	349.9916	
1	5.578451	0.009721301	2.398731	349.9916	
1	5.565246	0.009721301	2.477634	350.499	
1	5.552899	0.0057973	2.556675	351.1215	
1	5.54157	0.008936495	2.635869	351.8591	
1	5.530243	0.00956421	2.715063	351.8591	
1	5.520094	0.009689856	2.794416	352.7116	
1	5.511286	0.009715002	2.87393	353.6793	
1	5.503983	0.009720031	2.953596	354.762	
1	5.496679	0.009721041	3.033262	354.762	
1	5.491038	0.009721242	3.113062	355.9568	
1	5.487211	0.009721279	3.192971	357.258	
1	5.485337	0.009721294	3.272949	358.6578	
1	5.483463	0.005797297	3.352927	358.6578	
1	5.483544	0.008936502	3.432927	0.05754722	
1	5.485321	0.009554029	3.512893	1.257322	
1	5.487082	0.00968666	3.59287	1.257322	
1	5.490233	0.009714294	3.672808	2.257097	
1	5.494499	0.00971989	3.752694	3.056873	
1	5.499601	0.009721015	3.832531	3.656647	
1	5.504704	0.009721242	3.912368	3.656647	
1	5.510363	0.009721287	3.992168	4.056422	
1	5.5163	0.00972129	4.071947	4.256196	
1	5.522237	0.009721294	4.151727	4.255972	
1	5.528452	0.009721298	4.231485	4.455748	
1	5.534667	0.005797297	4.311243	4.455748	
1	5.540688	0.008936491	4.388509	4.455529	
1	5.546783	0.009556603	4.46325	4.642818	
1	5.55286	0.009686187	4.538001	4.642818	
1	5.55873	0.009714216	4.610262	4.642614	
1	5.564608	0.009719875	4.680015	4.817418	
1	5.570277	0.009721011	4.747276	4.817227	
1	5.575919	0.009721242	4.812031	4.979544	
1	5.581561	0.009721279	4.876785	4.979544	
1	5.586986	0.009721287	4.939049	4.979368	
1	5.59235	0.009721287	4.998809	5.1292	
1	5.59749	0.009721294	5.056078	5.129039	
1	5.60263	0.009721298	5.113348	5.129039	
1	5.607678	0.009721298	5.168116	5.266383	
1	5.612497	0.005797297	5.220395	5.266236	
1	5.617315	0.008936491	5.272673	5.266236	
1	5.622032	0.009561919	5.322444	5.391096	
1	5.626502	0.009688675	5.369731	5.390961	
1	5.630818	0.009714618	5.414523	5.503335	
1	5.634895	0.009719934	5.456827	5.503216	
1	5.638971	0.009721018	5.499131	5.503216	
1	5.642876	0.009721238	5.53894	5.603104	
1	5.646537	0.009721275	5.576261	5.602998	
1	5.650008	0.009721294	5.611088	5.690399	
1	5.653478	0.009721294	5.645916	5.690399	
1	5.656701	0.009721294	5.678256	5.690308	
1	5.659714	0.005797293	5.708104	5.765223	
1	5.662728	0.008936487	5.737952	5.765223	
1	5.665487	0.009564321	5.765315	5.765146	
1	5.668025	0.009689901	5.790186	5.827576	
1	5.670309	0.009715013	5.81257	5.827513	
1	5.672357	0.009720042	5.832465	5.877457	
1	5.674405	0.009721044	5.85236	5.877457	
1	5.676197	0.009721246	5.869768	5.877407	
1	5.677743	0.009721287	5.884688	5.914865	
1	5.679031	0.009721287	5.897121	5.91483	
1	5.680319	0.00972129	5.909555	5.91483	
1	5.681354	0.00972129	5.919501	5.939802	
1	5.68213	0.009721294	5.926961	5.93978	
1	5.682648	0.009721294	5.931934	5.952266	
1	5.683167	0.005797293	5.936907	5.952266	
1	5.683426	0.008936491	5.939394	5.95226	
1	5.683434	0.009564303	5.939391	5.95226	
1	5.683177	0.009689912	5.936903	5.952266	
1	5.682918	0.009715028	5.934416	5.952266	
1	5.682918	0.009720042	5.934416	5.952266	
1	5.682658	0.009721041	5.93193	5.952272	
1	5.682658	0.009721242	5.93193	5.952272	
1	5.682658	0.009721279	5.93193	5.952272	
1	5.682399	0.009721287	5.929443	5.95228	
1	5.682399	0.00972129	5.929443	5.95228	
1	5.682399	0.00972129	5.929443	5.95228	
1	5.682139	0.00972129	5.926956	5.952286	
1	5.682139	0.00972129	5.926956	5.952286	
1	5.68188	0.00972129	5.924469	5.952292	
1	5.68188	0.00972129	5.924469	5.952292	
1	5.68188	0.00972129	5.924469	5.952292	
1	5.681621	0.00972129	5.921983	5.9523	
1	5.681621	0.005797289	5.921983	5.9523	
1	5.681621	0.008936487	5.921983	5.9523	
1	5.681369	0.00956434	5.919493	5.952306	
1	5.681371	0.009689927	5.919492	5.952306	
1	5.681112	0.009715032	5.917005	5.952313	
1	5.681112	0.009720039	5.917005	5.952313	
1	5.681112	0.009721037	5.917005	5.952313	
1	5.680853	0.009721238	5.914518	5.952321	
